     0/399     8.15G    0.0756     3.408         0     3.484        18       768  0.000155   0.04651  0.000222 5.103e-05   0.07987    0.5635         0
     1/399     8.16G   0.07801    0.1947         0    0.2727        18       768         0         0  0.005136 0.0007111   0.06801   0.03754         0
     2/399     8.16G   0.07257   0.02387         0   0.09644        16       768         0         0   0.01114  0.001697   0.06217   0.01594         0
     3/399     8.16G   0.05776   0.01454         0    0.0723        18       768         0         0   0.01401  0.003022   0.05616   0.01209         0
     4/399     8.16G   0.05601   0.01234         0   0.06835        18       768         0         0   0.01718  0.003619   0.06083   0.01024         0
     5/399     8.16G   0.05523   0.01158         0   0.06681        17       768         0         0   0.02627  0.004532   0.05811  0.009347         0
     6/399     8.16G   0.05098   0.01109         0   0.06207        18       768         0         0   0.01617  0.003323   0.05386  0.008856         0
     7/399     8.16G   0.05241   0.01075         0   0.06317        18       768         0         0   0.01146  0.002745    0.0565  0.008414         0
     8/399     8.16G    0.0476   0.01051         0   0.05811        18       768         0         0  0.008492  0.002394    0.0644   0.00735         0
     9/399     8.16G   0.04862   0.01019         0   0.05881        18       768         0         0   0.01403  0.003435   0.06517  0.006972         0
    10/399     8.16G   0.04661  0.009757         0   0.05637        18       768         0         0   0.02565  0.004503   0.05334  0.007734         0
    11/399     8.16G    0.0503  0.009622         0   0.05992        18       768         0         0   0.03399  0.007181    0.0555  0.007216         0
    12/399     8.16G   0.04608  0.009248         0   0.05533        17       768         0         0   0.05187     0.011   0.05457  0.006931         0
    13/399     8.16G   0.04615  0.009305         0   0.05546        17       768         0         0   0.03775  0.006213   0.05413  0.006879         0
    14/399     8.16G   0.04395  0.009187         0   0.05313        18       768         0         0   0.02103  0.004503   0.05354  0.006878         0
    15/399     8.16G   0.04227  0.008936         0   0.05121        18       768         0         0   0.03195  0.006282   0.05571   0.00654         0
    16/399     8.16G   0.04173  0.009119         0   0.05085        18       768         0         0    0.0257  0.005462   0.05313  0.006473         0
    17/399     8.16G   0.04454  0.008785         0   0.05333        18       768         0         0   0.02636  0.006776   0.05296  0.006217         0
    18/399     8.16G   0.04126   0.00869         0   0.04995        17       768         0         0    0.0247  0.004615   0.05846  0.005856         0
    19/399     8.16G   0.04582  0.008615         0   0.05444        18       768         0         0   0.01851   0.00377   0.05519   0.00576         0
    20/399     8.16G   0.04156  0.008835         0    0.0504        18       768         0         0   0.01913  0.003617   0.05283  0.005894         0
    21/399     8.16G   0.04135  0.009032         0   0.05038        18       768         0         0   0.02577  0.004231   0.05553   0.00559         0
    22/399     8.16G   0.04216  0.008777         0   0.05094        18       768         0         0   0.02276  0.004965   0.06106  0.005412         0
    23/399     8.16G   0.03932  0.008838         0   0.04815        18       768         0         0   0.01678  0.003867   0.05882  0.005313         0
    24/399     8.16G   0.04658  0.008603         0   0.05518        18       768         0         0   0.01329  0.002978   0.06165  0.005087         0
    25/399     8.16G   0.03889  0.008665         0   0.04756        18       768         0         0   0.01385  0.003056   0.06388  0.004786         0
    26/399     8.16G   0.04308  0.008687         0   0.05177        18       768         0         0   0.02137  0.004051   0.06042  0.005051         0
    27/399     8.16G   0.03901  0.008384         0    0.0474        17       768         0         0    0.0253  0.004536   0.06477  0.005114         0
    28/399     8.16G   0.04379  0.008518         0    0.0523        17       768         0         0   0.02087  0.004787   0.06258  0.005066         0
    29/399     8.16G   0.04308   0.00868         0   0.05176        18       768         0         0   0.03727  0.009568   0.06063  0.005273         0
    30/399     8.16G   0.04047  0.008688         0   0.04916        17       768         0         0   0.04856  0.008593   0.05601  0.005213         0
    31/399     8.16G   0.03679  0.008545         0   0.04533        18       768         0         0   0.03656  0.007293   0.05631  0.005437         0
    32/399     8.16G     0.042  0.008515         0   0.05051        18       768         0         0   0.03132  0.005733   0.06302  0.004821         0
    33/399     8.16G   0.03953  0.008378         0   0.04791        18       768         0         0   0.02571  0.005775     0.063  0.004869         0
    34/399     8.16G   0.03991  0.008276         0   0.04819        17       768         0         0   0.01975  0.004957    0.0617  0.005101         0
    35/399     8.16G   0.03853  0.008652         0   0.04718        18       768         0         0   0.03757   0.01085   0.05756  0.005201         0
    36/399     8.16G   0.04297  0.008584         0   0.05156        18       768         0         0   0.05356   0.01175   0.05807   0.00489         0
    37/399     8.16G   0.03996  0.008266         0   0.04822        18       768         0         0   0.04711  0.007792   0.05442  0.005054         0
    38/399     8.16G   0.03949  0.008522         0   0.04801        18       768         0         0   0.05134  0.009378   0.06043  0.004973         0
    39/399     8.16G   0.03828  0.008202         0   0.04648        18       768         0         0   0.05039   0.01241   0.05519  0.005196         0
    40/399     8.16G   0.03833   0.00813         0   0.04646        18       768         0         0   0.07656    0.0258   0.05782  0.004916         0
    41/399     8.16G   0.04073  0.008165         0   0.04889        18       768         0         0   0.07737   0.02378   0.05768  0.004938         0
    42/399     8.16G   0.03945  0.008478         0   0.04792        18       768         0         0   0.07692   0.01587   0.05825  0.004869         0
    43/399     8.16G   0.03689  0.008527         0   0.04541        18       768         0         0    0.0776   0.01862   0.06096  0.004607         0
    44/399     8.16G   0.04069   0.00812         0   0.04881        18       768         1   0.02326    0.1232   0.02847   0.05818  0.004763         0
    45/399     8.16G   0.03952  0.008287         0   0.04781        18       768         0         0    0.0791   0.01907   0.05526  0.004976         0
    46/399     8.16G   0.04059  0.008583         0   0.04917        18       768         0         0   0.08665   0.01773   0.05673  0.004989         0
    47/399     8.16G   0.03587  0.008448         0   0.04432        18       768         0         0   0.06092   0.01274   0.05336  0.005082         0
    48/399     8.16G   0.03538  0.008712         0   0.04409        18       768         0         0   0.06392   0.01187   0.05541  0.004931         0
    49/399     8.16G   0.03842  0.008238         0   0.04666        17       768         0         0    0.1013   0.02396   0.05839   0.00477         0
    50/399     8.16G   0.03286  0.008273         0   0.04113        18       768         0         0    0.1433   0.04392   0.06009  0.004766         0
    51/399     8.16G   0.03438  0.008401         0   0.04278        18       768         0         0    0.1117   0.02255   0.05902  0.004576         0
    52/399     8.16G   0.03364  0.008538         0   0.04218        18       768         0         0   0.07725   0.01546   0.06036  0.004722         0
    53/399     8.16G   0.03635  0.008498         0   0.04485        17       768         0         0   0.07773   0.01727   0.06191  0.004604         0
    54/399     8.16G   0.03535  0.008254         0   0.04361        18       768         0         0   0.08165   0.01446   0.05956  0.004901         0
    55/399     8.16G   0.03698  0.008244         0   0.04523        18       768         0         0    0.1234   0.01913   0.05952  0.004762         0
    56/399     8.16G   0.03672  0.008046         0   0.04476        18       768         0         0    0.1086    0.0254   0.05543  0.004683         0
    57/399     8.16G   0.03796  0.008105         0   0.04607        17       768         0         0   0.08731   0.01517   0.05814  0.004488         0
    58/399     8.16G   0.03521   0.00838         0   0.04359        18       768         0         0   0.08851   0.02015   0.05685  0.004597         0
    59/399     8.16G   0.03425  0.008207         0   0.04246        18       768         1   0.02326     0.164   0.03609   0.05823  0.004522         0
    60/399     8.16G   0.03527  0.008319         0   0.04359        17       768         1   0.02326    0.1823   0.03741   0.06189  0.004536         0
    61/399     8.16G   0.03565  0.008435         0   0.04408        18       768         1   0.02326    0.1469   0.03348   0.05829  0.004658         0
    62/399     8.16G    0.0344   0.00809         0   0.04249        18       768         1   0.02326    0.1166   0.02605   0.05956  0.004688         0
    63/399     8.16G   0.03421  0.008223         0   0.04243        18       768         0         0   0.08454   0.02129   0.05838  0.004834         0
    64/399     8.16G   0.03272  0.008621         0   0.04134        18       768         0         0   0.09731   0.02416   0.05676  0.004784         0
    65/399     8.16G   0.03395  0.008433         0   0.04238        18       768         1   0.02326    0.1633   0.04528   0.05969  0.004757         0
    66/399     8.16G   0.03347  0.008735         0    0.0422        17       768         1   0.02326     0.152    0.0438   0.05616  0.004685         0
    67/399     8.16G   0.03035   0.00845         0    0.0388        18       768         0         0    0.1323   0.03355   0.06043  0.004689         0
    68/399     8.16G   0.03236  0.008026         0   0.04038        18       768         1   0.02326    0.1827   0.05951   0.05554  0.004785         0
    69/399     8.16G   0.03678  0.008469         0   0.04525        18       768         0         0    0.1668   0.03286   0.05757  0.004691         0
    70/399     8.16G   0.03349   0.00819         0   0.04168        18       768         0         0    0.1537   0.04054   0.05767  0.004587         0
    71/399     8.16G    0.0344  0.008055         0   0.04246        18       768         0         0    0.1385   0.03086   0.05418  0.004635         0
    72/399     8.16G   0.03469  0.008446         0   0.04314        18       768         0         0   0.08282   0.02535   0.05859  0.004444         0
    73/399     8.16G   0.03559  0.008527         0   0.04412        17       768         0         0    0.1205   0.03281   0.05969  0.004652         0
    74/399     8.16G    0.0335  0.008283         0   0.04179        18       768         1   0.02326    0.2153   0.06138   0.05989  0.004676         0
    75/399     8.16G   0.03162  0.008199         0   0.03981        17       768         0         0    0.1785   0.05322   0.05857  0.004662         0
    76/399     8.16G   0.03226  0.007905         0   0.04017        18       768         0         0    0.2103   0.05136   0.06068  0.004605         0
    77/399     8.16G   0.03397  0.008026         0     0.042        18       768         1   0.02326    0.2149   0.04671   0.05869  0.004545         0
    78/399     8.16G   0.04298  0.008506         0   0.05148        18       768         0         0    0.1423   0.03088   0.05952  0.004618         0
    79/399     8.16G   0.03406   0.00835         0   0.04241        18       768         0         0    0.1434   0.03298    0.0575  0.004859         0
    80/399     8.16G   0.03174  0.008377         0   0.04011        18       768         0         0    0.1271   0.03348    0.0565  0.004795         0
    81/399     8.16G   0.03178  0.007868         0   0.03965        18       768         0         0    0.1767   0.03745   0.05811   0.00488         0
    82/399     8.16G   0.03383  0.007838         0   0.04167        18       768         1   0.02326    0.1841   0.04648    0.0549  0.004857         0
    83/399     8.16G   0.03634  0.008065         0    0.0444        18       768         1   0.02326    0.1798   0.04293   0.05588  0.004605         0
    84/399     8.16G   0.03806   0.00809         0   0.04615        18       768         0         0    0.0409  0.009026   0.05904  0.004653         0
    85/399     8.16G   0.03755  0.008416         0   0.04596        18       768         0         0   0.02471  0.005916   0.05812   0.00488         0
    86/399     8.16G   0.03897  0.008063         0   0.04703        18       768         0         0   0.05322   0.01038   0.05757  0.005014         0
    87/399     8.16G    0.0384   0.00801         0   0.04641        18       768         0         0   0.05112   0.01101   0.06089  0.004725         0
    88/399     8.16G   0.03834  0.008013         0   0.04636        18       768         0         0   0.05999   0.01369    0.0606  0.004693         0
    89/399     8.16G   0.03339  0.007928         0   0.04132        17       768         0         0   0.06989   0.01413   0.05671  0.004924         0
    90/399     8.16G    0.0333  0.007957         0   0.04125        18       768         0         0   0.06063   0.01339    0.0582  0.004778         0
    91/399     8.16G   0.03483  0.008033         0   0.04287        18       768         0         0   0.08073   0.01956    0.0572  0.004755         0
    92/399     8.16G   0.03747  0.008386         0   0.04586        18       768         0         0   0.07146   0.01943    0.0585  0.004666         0
    93/399     8.16G   0.03315  0.008551         0    0.0417        18       768         0         0    0.0856   0.02016    0.0585  0.004478         0
    94/399     8.16G   0.03177  0.008207         0   0.03998        17       768         0         0    0.1348   0.02859   0.05871  0.004401         0
    95/399     8.16G   0.03377  0.007934         0    0.0417        18       768         1   0.02326    0.1342   0.02935   0.06006  0.004137         0
    96/399     8.16G   0.03444  0.008018         0   0.04245        18       768         0         0   0.09671   0.02151   0.06632  0.004022         0
    97/399     8.16G   0.03269  0.008216         0   0.04091        18       768         0         0   0.04095    0.0141   0.06557  0.004322         0
    98/399     8.16G   0.03335  0.008334         0   0.04169        18       768         0         0   0.06514   0.01108   0.06604  0.004127         0
    99/399     8.16G   0.04172  0.008142         0   0.04986        18       768         0         0   0.04776   0.01081    0.0677  0.003841         0
   100/399     8.16G   0.03033  0.008145         0   0.03847        18       768         0         0   0.04171   0.01011   0.07041  0.003726         0
   101/399     8.16G    0.0332  0.008167         0   0.04136        18       768         0         0   0.02213  0.005572   0.06697  0.003958         0
   102/399     8.16G    0.0367  0.008122         0   0.04482        17       768         1   0.02326   0.07092   0.02883   0.07253   0.00405         0
   103/399     8.16G   0.03464  0.008037         0   0.04268        18       768         0         0    0.0972   0.03278   0.05663  0.004886         0
   104/399     8.16G   0.03437   0.00787         0   0.04224        18       768         1   0.02326    0.1472   0.04551   0.05666  0.004948         0
   105/399     8.16G   0.03455  0.007946         0    0.0425        18       768         0         0    0.1309   0.03716   0.05353  0.005197         0
   106/399     8.16G   0.03521  0.008071         0   0.04328        18       768         0         0   0.09161   0.02853   0.05402  0.005112         0
   107/399     8.16G   0.03495   0.00838         0   0.04333        18       768         0         0   0.08177   0.02073   0.05534  0.004816         0
   108/399     8.16G   0.03595  0.007988         0   0.04394        18       768         0         0    0.1255   0.03007   0.06029  0.004681         0
   109/399     8.16G   0.03487  0.008416         0   0.04329        18       768         0         0    0.1297    0.0331   0.05705  0.004705         0
   110/399     8.16G   0.03669  0.008089         0   0.04478        18       768         0         0    0.1191   0.04201   0.05687  0.004683         0
   111/399     8.16G   0.03394  0.008316         0   0.04225        18       768         0         0   0.08797   0.02965   0.05793  0.004845         0
   112/399     8.16G   0.03042  0.008044         0   0.03846        18       768         0         0    0.1298   0.04108   0.05968  0.004678         0
   113/399     8.16G   0.03303  0.007994         0   0.04103        18       768         0         0    0.1121   0.03792   0.05951  0.004618         0
   114/399     8.16G   0.03201   0.00845         0   0.04046        18       768         1   0.02326    0.1778   0.06287   0.06208  0.004497         0
   115/399     8.16G   0.03109  0.008226         0   0.03931        17       768         1   0.02326    0.1725   0.06236   0.06601  0.004356         0
   116/399     8.16G   0.03321  0.008297         0   0.04151        18       768         0         0    0.1879   0.06267    0.0692  0.004428         0
   117/399     8.16G   0.03138  0.008085         0   0.03946        18       768         0         0    0.1563   0.04933   0.06643  0.004264         0
   118/399     8.16G   0.03195  0.008168         0   0.04011        18       768         0         0    0.1762   0.05049   0.06272  0.004537         0
   119/399     8.16G   0.03157  0.008342         0   0.03992        18       768         0         0    0.1909   0.05348   0.06177  0.004341         0
   120/399     8.16G   0.03507  0.008174         0   0.04325        18       768         1   0.02326    0.2983   0.09422   0.05976  0.004429         0
   121/399     8.16G   0.02857  0.008165         0   0.03673        18       768         1   0.02326    0.2569   0.09491   0.06023  0.004472         0
   122/399     8.16G   0.03414  0.008212         0   0.04235        18       768         1   0.02326    0.2651   0.08921   0.06247  0.004519         0
   123/399     8.16G   0.03037  0.008357         0   0.03873        18       768         0         0     0.221   0.06321   0.06005  0.004572         0
   124/399     8.16G   0.03179  0.008035         0   0.03983        17       768         0         0     0.177   0.04625   0.05978  0.004357         0
   125/399     8.16G   0.03098  0.008063         0   0.03904        17       768         0         0    0.1819   0.04406   0.05882   0.00425         0
   126/399     8.16G   0.03246  0.008079         0   0.04054        18       768         1   0.02326    0.1481   0.04286   0.06052  0.004263         0
   127/399     8.16G   0.03322  0.008153         0   0.04137        18       768         1   0.02326    0.1559   0.05249   0.05939  0.004481         0
   128/399     8.16G   0.03458   0.00813         0   0.04271        18       768         1   0.02326     0.164   0.06457   0.05865  0.004615         0
   129/399     8.16G   0.03553  0.008373         0    0.0439        17       768         0         0    0.1198    0.0282   0.06052  0.004651         0
   130/399     8.16G   0.03556  0.008044         0   0.04361        18       768         0         0   0.06384   0.01365   0.05802  0.004665         0
   131/399     8.16G   0.03233  0.008286         0   0.04062        18       768         0         0    0.1121   0.02781   0.05622  0.004676         0
   132/399     8.16G   0.03157  0.008174         0   0.03975        18       768         1   0.02326    0.1537    0.0452   0.05426  0.004734         0
   133/399     8.16G   0.03163  0.007981         0   0.03961        18       768         0         0    0.1264   0.03186   0.05368  0.004724         0
   134/399     8.16G   0.03063  0.007986         0   0.03861        18       768         1   0.02326    0.1581   0.03544    0.0546  0.004546         0
   135/399     8.16G   0.03584  0.008117         0   0.04396        18       768         0         0    0.1378    0.0315   0.05694  0.004578         0
   136/399     8.16G   0.03136  0.007848         0   0.03921        18       768         0         0   0.09473   0.02711   0.05917  0.004775         0
   137/399     8.16G   0.03023  0.008015         0   0.03825        18       768         0         0    0.1014   0.03492   0.06085   0.00462         0
   138/399     8.16G   0.02931   0.00804         0   0.03734        18       768         0         0     0.123   0.04253   0.06078  0.004489         0
   139/399     8.16G   0.02937  0.008179         0   0.03755        18       768         0         0    0.1318   0.05017   0.06116  0.004715         0
   140/399     8.16G   0.02943   0.00787         0    0.0373        18       768         1   0.02326    0.1615   0.04236   0.05701  0.004599         0
   141/399     8.16G   0.03324  0.007698         0   0.04094        17       768         1   0.02326    0.1514   0.03694   0.06004  0.004598         0
   142/399     8.16G   0.03197  0.008099         0   0.04007        18       768         0         0    0.1028   0.03039   0.05734  0.004691         0
   143/399     8.16G   0.02842  0.008418         0   0.03683        18       768         0         0   0.08639   0.02145   0.06151  0.004651         0
   144/399     8.16G   0.02915  0.008002         0   0.03715        17       768         0         0   0.07283   0.02039   0.06079  0.004476         0
   145/399     8.16G    0.0306  0.008112         0   0.03871        18       768         1   0.02326    0.1782    0.0542   0.05872  0.004351         0
   146/399     8.16G   0.02841  0.008221         0   0.03663        18       768         1   0.02326    0.1587   0.03589   0.05803  0.004495         0
   147/399     8.16G   0.03096  0.008047         0   0.03901        18       768         0         0    0.1549    0.0476   0.05459  0.004722         0
   148/399     8.16G   0.03232  0.008382         0    0.0407        18       768         0         0    0.1442   0.03942   0.05573  0.004819         0
   149/399     8.16G   0.02846  0.008196         0   0.03666        18       768         1   0.02326    0.1704   0.04547   0.05508   0.00495         0
   150/399     8.16G   0.03163  0.008196         0   0.03983        18       768         1   0.02326    0.1683   0.04872   0.05611  0.004675         0
   151/399     8.16G   0.02891  0.008106         0   0.03702        18       768         0         0    0.1298   0.03817   0.05422  0.004817         0
   152/399     8.16G   0.02869  0.008098         0   0.03679        17       768         0         0    0.1279   0.03512   0.05506  0.004825         0
   153/399     8.16G   0.03375  0.008164         0   0.04192        18       768         0         0    0.1214   0.03065   0.05545   0.00471         0
   154/399     8.16G   0.02955  0.007891         0   0.03744        18       768         0         0    0.1257   0.03325   0.05635  0.004594         0
   155/399     8.16G   0.02876  0.007689         0   0.03645        18       768         0         0     0.136    0.0335   0.05497  0.004813         0
   156/399     8.16G   0.03381  0.007992         0   0.04181        18       768         0         0    0.1317   0.03149   0.05454  0.004956         0
   157/399     8.16G   0.02806  0.008061         0   0.03612        18       768         0         0    0.1221   0.02858   0.05716  0.004853         0
   158/399     8.16G   0.03202  0.007829         0   0.03985        18       768         0         0    0.1315   0.03449   0.05811  0.004795         0
   159/399     8.16G    0.0296  0.008361         0   0.03796        18       768         0         0    0.1365   0.03981   0.06229  0.004733         0
   160/399     8.16G   0.02673  0.007809         0   0.03454        18       768         1   0.02326    0.1568   0.05297   0.06324    0.0046         0
   161/399     8.16G   0.03123  0.008209         0   0.03944        18       768         1   0.02326     0.156   0.05437   0.06259  0.004531         0
   162/399     8.16G    0.0303  0.007982         0   0.03828        17       768         1   0.02326    0.1685    0.0548   0.06171  0.004486         0
   163/399     8.16G   0.02718  0.008261         0   0.03544        18       768         0         0    0.1457   0.04152     0.062  0.004556         0
   164/399     8.16G   0.03212  0.008039         0   0.04015        18       768         0         0    0.1367   0.04229   0.06321  0.004463         0
   165/399     8.16G   0.02879  0.008018         0   0.03681        18       768         0         0    0.2717   0.08008    0.0603  0.004285         0
   166/399     8.16G    0.0263  0.007759         0   0.03406        18       768         0         0     0.185   0.05593   0.05965  0.004098         0
   167/399     8.16G    0.0259  0.007785         0   0.03369        18       768         1   0.02326    0.1752   0.06118   0.05999  0.004132         0
   168/399     8.16G   0.02621  0.007945         0   0.03415        18       768         0         0    0.1436   0.04025   0.05932  0.004329         0
   169/399     8.16G   0.02804  0.007976         0   0.03602        18       768         0         0    0.1421   0.03869   0.06033  0.004415         0
   170/399     8.16G   0.03171  0.008308         0   0.04002        18       768         0         0    0.1833   0.04951   0.06005  0.004413         0
   171/399     8.16G   0.02503  0.008132         0   0.03316        18       768         1   0.02326    0.2024   0.06314   0.05956  0.004453         0
   172/399     8.16G   0.02829  0.007626         0   0.03591        18       768         0         0    0.1418   0.04732   0.06097  0.004509         0
   173/399     8.16G   0.02557   0.00769         0   0.03326        18       768         0         0    0.1459   0.03598   0.06196  0.004481         0
   174/399     8.16G   0.02686  0.007857         0   0.03472        18       768         0         0    0.2374   0.05188   0.06105   0.00429         0
   175/399     8.16G   0.02506  0.007736         0   0.03279        17       768         0         0     0.219   0.06314     0.061  0.004225         0
   176/399     8.16G   0.02964  0.007747         0   0.03738        18       768         1   0.02326    0.2791   0.07056   0.05896  0.004234         0
   177/399     8.16G   0.02555  0.007624         0   0.03318        18       768         0         0    0.2118   0.06351   0.06169  0.004194         0
   178/399     8.16G   0.02475  0.007724         0   0.03247        18       768         0         0    0.1911   0.05913    0.0615  0.004166         0
   179/399     8.16G   0.02952  0.007809         0   0.03733        18       768         0         0    0.1489   0.05401   0.06096   0.00419         0
   180/399     8.16G   0.02485  0.007574         0   0.03242        17       768         0         0    0.0945   0.02743   0.06449  0.004197         0
   181/399     8.16G    0.0238  0.007985         0   0.03179        18       768         0         0    0.1734   0.05347   0.06354  0.004202         0
   182/399     8.16G   0.02851  0.007884         0    0.0364        18       768         0         0    0.1462   0.04927    0.0632  0.004201         0
   183/399     8.16G    0.0233  0.007637         0   0.03094        18       768         0         0    0.1501     0.038   0.06452  0.004226         0
   184/399     8.16G   0.02532  0.007426         0   0.03275        18       768         0         0    0.1238   0.03473   0.06609  0.004256         0
   185/399     8.16G   0.02651  0.008053         0   0.03456        18       768         0         0    0.1327   0.03923   0.06388  0.004271         0
   186/399     8.16G   0.02368  0.007738         0   0.03142        18       768         1   0.02326    0.1687   0.04868   0.06196  0.004276         0
   187/399     8.16G   0.02638  0.007813         0    0.0342        18       768         1   0.02326    0.1879   0.04491   0.05969  0.004544         0
   188/399     8.16G   0.02632  0.007476         0   0.03379        18       768         0         0     0.175   0.04698   0.05768   0.00441         0
   189/399     8.16G   0.02415  0.007917         0   0.03207        18       768         0         0    0.1638   0.05095   0.05894  0.004372         0
   190/399     8.16G    0.0246  0.007535         0   0.03214        18       768         0         0    0.1315   0.04567   0.06146  0.004419         0
   191/399     8.16G   0.02572  0.007686         0    0.0334        18       768         0         0    0.1019   0.03682   0.06172  0.004421         0
   192/399     8.16G   0.02742  0.007483         0    0.0349        17       768         0         0   0.07505   0.03178   0.06159   0.00446         0
   193/399     8.16G   0.02871  0.007624         0   0.03633        17       768    0.9632   0.04651    0.1596   0.05136   0.05822  0.004856         0
   194/399     8.16G   0.02276  0.007564         0   0.03032        18       768    0.6235   0.04651    0.1595   0.04252   0.05805   0.00492         0
   195/399     8.16G     0.025  0.007567         0   0.03257        18       768         0         0    0.1347   0.04421   0.05955  0.004542         0
   196/399     8.16G   0.02284  0.007157         0      0.03        18       768         0         0   0.09227   0.03423   0.05961  0.004684         0
   197/399     8.16G   0.02689  0.007446         0   0.03434        18       768         0         0    0.1056   0.03815   0.06011  0.004546         0
   198/399     8.16G   0.02271   0.00775         0   0.03046        18       768    0.7413   0.02326    0.1957   0.05202   0.06145  0.004698         0
   199/399     8.16G   0.02463  0.007388         0   0.03201        18       768         0         0     0.123   0.03342   0.06186  0.004437         0
   200/399     8.16G   0.02274  0.007281         0   0.03002        18       768         1   0.02326     0.168    0.0537   0.06161  0.004344         0
   201/399     8.16G   0.02209  0.007345         0   0.02944        18       768         1   0.02326    0.1876    0.0567   0.06173  0.004375         0
   202/399     8.16G   0.02296  0.007074         0   0.03003        18       768         1   0.03108     0.214   0.08497   0.06024  0.004555         0
   203/399     8.16G   0.02309   0.00736         0   0.03045        18       768         0         0    0.1964   0.07419    0.0618  0.004614         0
   204/399     8.16G   0.02623  0.007686         0   0.03391        18       768    0.5946   0.03646    0.1823   0.07362   0.06219  0.004992         0
   205/399     8.16G   0.02206  0.007193         0   0.02925        18       768    0.3163   0.02207    0.1184   0.04049   0.06114    0.0055         0
   206/399     8.16G   0.02505   0.00704         0   0.03209        18       768    0.5359   0.05487    0.1802   0.06906    0.0597  0.005057         0
   207/399     8.16G   0.02631  0.007132         0   0.03344        18       768    0.5503   0.05822    0.2698    0.0889   0.05962  0.004816         0
   208/399     8.16G   0.02173  0.007066         0    0.0288        17       768    0.6545   0.06977    0.2685   0.09605    0.0584  0.004766         0
   209/399     8.16G   0.02391  0.007291         0    0.0312        18       768    0.4214   0.02326    0.1605   0.04819   0.06116  0.004651         0
   210/399     8.16G   0.02221  0.007096         0    0.0293        18       768    0.3423   0.02326    0.1014   0.03386   0.06051  0.004744         0
   211/399     8.16G   0.02074  0.007528         0   0.02827        18       768    0.5507   0.06977    0.2252   0.08097   0.05986  0.004357         0
   212/399     8.16G   0.02524  0.007337         0   0.03258        17       768         1   0.02326    0.1949   0.06756    0.0615  0.004352         0
   213/399     8.16G   0.02214  0.007448         0   0.02958        18       768    0.4929   0.02326    0.1435   0.05287    0.0613    0.0045         0
   214/399     8.16G   0.02335  0.006999         0   0.03035        17       768    0.7851    0.0861    0.2296   0.08629   0.06045  0.004471         0
   215/399     8.16G   0.02213  0.007072         0   0.02921        18       768         1   0.02326    0.1925   0.06315   0.06091  0.004721         0
   216/399     8.16G   0.02175  0.007125         0   0.02887        18       768    0.8478   0.02326    0.2089   0.06667   0.06006  0.004825         0
   217/399     8.16G   0.02448  0.006683         0   0.03117        18       768         0         0    0.1717   0.04948   0.05967  0.005129         0
   218/399     8.16G   0.02821  0.006678         0   0.03488        18       768         0         0    0.1288   0.04028   0.05971  0.005093         0
   219/399     8.16G   0.02092  0.006789         0   0.02771        17       768         0         0     0.149    0.0494   0.06005  0.004786         0
   220/399     8.16G   0.02145  0.006757         0   0.02821        18       768    0.2442   0.02326    0.1361   0.04654    0.0601  0.004859         0
   221/399     8.16G   0.02094  0.006976         0   0.02792        18       768    0.2202   0.06594    0.1794   0.04741   0.06084  0.004579         0
   222/399     8.16G    0.0232  0.006861         0   0.03006        18       768    0.1547   0.02326    0.1511   0.04492   0.06239  0.004554         0
   223/399     8.16G   0.02154  0.006833         0   0.02837        18       768    0.1757   0.04651    0.1156   0.03393   0.06168  0.004627         0
   224/399     8.16G   0.02178  0.006985         0   0.02876        18       768    0.3076   0.08315    0.1608   0.04492   0.06416  0.004489         0
   225/399     8.16G   0.02607  0.006932         0     0.033        18       768    0.2905   0.04651    0.1905   0.06214   0.06284  0.004564         0
   226/399     8.16G    0.0221  0.006812         0   0.02891        17       768    0.5916    0.1351     0.252   0.08063   0.06072  0.005071         0
   227/399     8.16G   0.01915  0.006471         0   0.02562        18       768    0.3928   0.02326    0.1542   0.05275   0.06185  0.004989         0
   228/399     8.16G   0.02361  0.006693         0    0.0303        18       768    0.5591   0.03151    0.1446   0.06139   0.06041  0.005082         0
   229/399     8.16G    0.0246  0.006891         0    0.0315        18       768    0.3651    0.1395    0.2297   0.08159    0.0576   0.00495         0
   230/399     8.16G   0.02131  0.006692         0     0.028        18       768    0.4328    0.1163    0.2528   0.07381   0.05736  0.004762         0
   231/399     8.16G   0.02014  0.006655         0   0.02679        17       768    0.3931   0.09302    0.2343   0.06613   0.05774    0.0048         0
   232/399     8.16G   0.01946  0.006638         0   0.02609        17       768    0.4786    0.1286    0.1782   0.05971   0.05867  0.005002         0
   233/399     8.16G   0.01987  0.006606         0   0.02647        18       768    0.3224    0.1163    0.2146   0.07783   0.05908  0.004919         0
   234/399     8.16G   0.01942   0.00656         0   0.02598        18       768    0.2769    0.1163    0.1754    0.0545   0.06118  0.004648         0
   235/399     8.16G   0.02461  0.006554         0   0.03116        18       768    0.1592   0.02326   0.09056   0.03413   0.06329  0.004724         0
   236/399     8.16G   0.02145   0.00666         0   0.02811        18       768    0.4963   0.09183    0.1748   0.06229   0.06291  0.004582         0
   237/399     8.16G   0.02252  0.006512         0   0.02903        18       768    0.4035    0.1395     0.204   0.06638   0.06113  0.004769         0
   238/399     8.16G   0.02068  0.006424         0   0.02711        17       768    0.4676    0.2558     0.313   0.07276   0.05967  0.004864         0
   239/399     8.16G   0.02046  0.006723         0   0.02719        18       768    0.4287    0.2558    0.2847   0.06403   0.06079  0.004836         0
   240/399     8.16G   0.02101    0.0066         0   0.02761        18       768    0.5149     0.186     0.275   0.07135   0.06024  0.004759         0
   241/399     8.16G   0.01962  0.006445         0   0.02607        18       768    0.3157    0.1291    0.2165   0.06396   0.05834  0.004989         0
   242/399     8.16G   0.02485  0.006558         0   0.03141        18       768    0.2933   0.09302    0.1822   0.05593   0.05868  0.004827         0
   243/399     8.16G   0.02058  0.006316         0    0.0269        17       768    0.3188   0.09302     0.148   0.05464   0.06119  0.005168         0
   244/399     8.16G   0.01925  0.006555         0   0.02581        18       768    0.3264    0.1354    0.1216   0.05078    0.0602   0.00521         0
   245/399     8.16G   0.02186  0.006172         0   0.02803        18       768    0.3356     0.186    0.1888   0.05622   0.06006  0.005052         0
   246/399     8.16G   0.01965  0.006412         0   0.02606        18       768    0.3781    0.1628    0.2215   0.06428   0.06061  0.004801         0
   247/399     8.16G   0.01955  0.006143         0   0.02569        18       768    0.4703     0.248    0.3092   0.07541   0.05904  0.004931         0
   248/399     8.16G   0.02285   0.00637         0   0.02922        16       768    0.3224     0.186    0.2153   0.06649   0.05826  0.004946         0
   249/399     8.16G   0.01928  0.006348         0   0.02562        17       768    0.2359   0.09302     0.136    0.0428   0.06107  0.004587         0
   250/399     8.16G   0.01921  0.006292         0    0.0255        18       768     0.277   0.09302   0.08921   0.02812   0.06372  0.004544         0
   251/399     8.16G   0.01989  0.006203         0   0.02609        18       768    0.1448   0.04651   0.07435   0.02614   0.06156  0.004986         0
   252/399     8.16G   0.01951  0.006051         0   0.02556        18       768    0.1334   0.09302    0.1197   0.03777   0.06123  0.004922         0
   253/399     8.16G   0.02188  0.006208         0   0.02808        18       768    0.2381    0.2093    0.1448   0.04827   0.06069  0.005087         0
   254/399     8.16G   0.01952  0.006301         0   0.02582        18       768    0.2063     0.186    0.1407   0.04949   0.06072   0.00514         0
   255/399     8.16G   0.02015  0.005974         0   0.02612        18       768    0.2904    0.1163    0.1464   0.05489   0.06068  0.004919         0
   256/399     8.16G   0.01901  0.006168         0   0.02518        18       768    0.3172    0.1628    0.1997   0.06513   0.05848  0.005139         0
   257/399     8.16G   0.02324  0.006021         0   0.02926        18       768    0.3658    0.3256    0.2167   0.06287   0.05793  0.005528         0
   258/399     8.16G   0.01778  0.005765         0   0.02355        18       768    0.3101    0.3023    0.2268   0.06941     0.058  0.005282         0
   259/399     8.16G   0.02049  0.005987         0   0.02648        18       768     0.348    0.2558    0.1992   0.06543   0.05798  0.004884         0
   260/399     8.16G   0.01891  0.005998         0   0.02491        18       768     0.356    0.2093    0.1672   0.05032   0.05903  0.004978         0
   261/399     8.16G   0.01805  0.005934         0   0.02398        18       768    0.3819    0.1395    0.1765   0.05196   0.05871  0.004881         0
   262/399     8.16G   0.01917  0.005931         0    0.0251        18       768    0.2622   0.09302    0.1226   0.04345   0.06024  0.004898         0
   263/399     8.16G   0.01875  0.005888         0   0.02464        18       768    0.3679     0.186    0.2081   0.06515   0.05911  0.004676         0
   264/399     8.16G    0.0188  0.005813         0   0.02461        18       768    0.3527    0.2326    0.2269   0.06729    0.0592  0.004735         0
   265/399     8.16G   0.01793  0.005792         0   0.02372        18       768    0.3763     0.186    0.2381   0.06783   0.05946  0.004705         0
   266/399     8.16G   0.02089  0.005896         0   0.02678        18       768    0.3626     0.159    0.2213   0.06493   0.06028  0.004588         0
   267/399     8.16G     0.018  0.005501         0    0.0235        18       768    0.2586    0.1628    0.1684   0.05207   0.05893  0.005182         0
   268/399     8.16G   0.01818  0.005603         0   0.02378        18       768    0.3009    0.2004    0.1662    0.0469   0.05999  0.004935         0
   269/399     8.16G   0.02006  0.005884         0   0.02595        18       768    0.3495    0.2558    0.1943   0.04976   0.05997  0.005076         0
   270/399     8.16G   0.01854  0.005842         0   0.02438        18       768    0.3505    0.2761    0.2048   0.05433   0.06029  0.005109         0
   271/399     8.16G   0.02104  0.005702         0   0.02674        18       768    0.3769    0.3517    0.2514   0.06293   0.06124  0.005111         0
   272/399     8.16G   0.01724  0.005787         0   0.02303        18       768     0.402    0.3953     0.232   0.06674   0.06073  0.005204         0
   273/399     8.16G   0.02091  0.005786         0    0.0267        18       768    0.2918    0.2397    0.1855   0.05024   0.06182  0.005111         0
   274/399     8.16G   0.01673  0.005646         0   0.02238        18       768    0.1979    0.1163    0.1096   0.04081   0.06295  0.005142         0
   275/399     8.16G   0.01714   0.00561         0   0.02275        18       768    0.1788   0.09302    0.0941   0.03925   0.06284  0.005205         0
   276/399     8.16G   0.01712  0.005666         0   0.02279        18       768    0.2453     0.186    0.1653   0.05465   0.06101  0.005117         0
   277/399     8.16G   0.02096  0.005541         0    0.0265        17       768    0.2314    0.1395    0.1398   0.04387   0.06093  0.005274         0
   278/399     8.16G   0.02024  0.005524         0   0.02576        18       768    0.2326    0.1628    0.1269   0.04051   0.06093  0.005429         0
   279/399     8.16G   0.01798  0.005575         0   0.02355        18       768    0.2195    0.2558    0.1856   0.05586   0.05803  0.005506         0
   280/399     8.16G   0.01699  0.005327         0   0.02231        18       768    0.1543   0.09776   0.08358   0.02862   0.06033  0.005718         0
   281/399     8.16G   0.01825  0.005492         0   0.02374        18       768    0.2368    0.1628    0.1275   0.04021   0.05919  0.005705         0
   282/399     8.16G   0.01633  0.005318         0   0.02164        18       768    0.2675     0.186    0.2095   0.05497   0.05814  0.005067         0
   283/399     8.16G   0.01981  0.005298         0   0.02511        18       768     0.245    0.2326    0.1825   0.04979   0.05847  0.005417         0
   284/399     8.16G   0.01652  0.005263         0   0.02178        18       768    0.2224    0.2093    0.2182   0.06353   0.05902  0.005027         0
   285/399     8.16G   0.01665   0.00524         0   0.02189        18       768    0.2045     0.186    0.1852   0.06014   0.05952  0.005134         0
   286/399     8.16G   0.01647  0.005092         0   0.02156        18       768    0.4054    0.2062    0.2177   0.06392   0.05958  0.004966         0
   287/399     8.16G   0.01678  0.005049         0   0.02182        18       768    0.2831    0.1628    0.1483   0.05386   0.05922  0.005492         0
   288/399     8.16G   0.01664  0.005201         0   0.02184        18       768    0.2829     0.186    0.1428   0.04876   0.05799  0.005615         0
   289/399     8.16G   0.02054  0.005364         0    0.0259        18       768    0.2953    0.3023    0.1872   0.06414   0.05773  0.005318         0
   290/399     8.16G   0.01568  0.005191         0   0.02087        18       768    0.3259    0.3023    0.2114   0.06522   0.05778   0.00496         0
   291/399     8.16G   0.01648  0.005424         0    0.0219        18       768   0.09076   0.04884    0.1258   0.04428   0.05918  0.005304         0
   292/399     8.16G   0.01633  0.004995         0   0.02132        18       768    0.3331    0.2791    0.1838   0.05492   0.06016  0.005134         0
   293/399     8.16G    0.0158  0.004896         0    0.0207        18       768    0.3674    0.3721    0.2213   0.06074   0.06025  0.005256         0
   294/399     8.16G   0.01754  0.005332         0   0.02287        17       768    0.3639    0.3023    0.2117   0.06772   0.05925  0.005035         0
   295/399     8.16G   0.01559  0.005129         0   0.02072        18       768    0.3841    0.1628     0.199   0.05926   0.06037  0.004957         0
   296/399     8.16G   0.01656  0.005161         0   0.02172        18       768    0.2311   0.04651    0.1091   0.05889   0.05996  0.005513         0
   297/399     8.16G   0.02171  0.005122         0   0.02683        18       768    0.3649    0.1628    0.1927   0.07343   0.05885  0.005113         0
   298/399     8.16G   0.01777  0.005241         0   0.02301        18       768    0.3408   0.06977    0.1291   0.06358   0.06015  0.005227         0
   299/399     8.16G   0.01527  0.005096         0   0.02037        18       768    0.2847   0.06519    0.1157    0.0501   0.06125  0.005364         0
   300/399     8.16G   0.01596  0.004772         0   0.02073        18       768    0.3198   0.09302    0.1226   0.05167   0.06127  0.005583         0
   301/399     8.16G   0.01953   0.00512         0   0.02465        18       768    0.3143    0.1628    0.1728   0.05488   0.06021   0.00521         0
   302/399     8.16G   0.01574  0.004924         0   0.02067        18       768    0.3222    0.1628    0.1822   0.05447   0.05978  0.005131         0
   303/399     8.16G   0.02014  0.004618         0   0.02476        18       768    0.3662    0.2558    0.2211   0.06657   0.05983   0.00466         0
   304/399     8.16G   0.02256  0.005154         0   0.02771        18       768    0.2625    0.1395    0.1734   0.05957   0.05923  0.004917         0
   305/399     8.16G   0.01623  0.005132         0   0.02136        18       768    0.2494    0.1163    0.1217   0.04377   0.05893  0.005545         0
   306/399     8.16G   0.01641   0.00498         0   0.02139        18       768     0.253    0.1163    0.1695   0.04809   0.05808  0.005123         0
   307/399     8.16G   0.01489  0.005103         0   0.01999        18       768    0.2364   0.06977    0.1237   0.03303   0.05945  0.005625         0
   308/399     8.16G   0.01595   0.00439         0   0.02034        18       768    0.2431   0.06977   0.09821   0.04117   0.06043  0.005561         0
   309/399     8.16G   0.02248  0.004878         0   0.02736        18       768    0.2552    0.1628    0.2204   0.06302   0.05972  0.004555         0
   310/399     8.16G   0.01492  0.004855         0   0.01978        18       768     0.404    0.3256    0.2847    0.0826   0.05913  0.004513         0
   311/399     8.16G   0.01467  0.004658         0   0.01933        18       768    0.1792    0.1395    0.1961   0.06091   0.06041  0.004874         0
   312/399     8.16G   0.01559  0.004972         0   0.02056        18       768    0.2172    0.1628     0.182   0.05792   0.06017  0.005342         0
   313/399     8.16G   0.01603  0.004672         0    0.0207        18       768    0.2236    0.1628    0.2186   0.07432   0.05988  0.005416         0
   314/399     8.16G   0.01629  0.004708         0     0.021        18       768    0.2095    0.1395      0.16   0.05386    0.0604  0.005762         0
   315/399     8.16G   0.02196  0.004852         0   0.02681        18       768    0.1888   0.09302    0.1276   0.03238   0.06072  0.005861         0
   316/399     8.16G   0.01816  0.005167         0   0.02332        18       768    0.3051    0.2326    0.1614   0.04687   0.06029  0.005473         0
   317/399     8.16G   0.01593  0.004602         0   0.02053        18       768    0.3116    0.2317    0.1716   0.04572    0.0602  0.005416         0
   318/399     8.16G   0.01596  0.004538         0    0.0205        18       768    0.2889    0.1987    0.1787   0.04927   0.06043  0.005359         0
   319/399     8.16G   0.01939  0.005056         0   0.02445        17       768    0.3325    0.2558    0.2101   0.05157   0.06055  0.005307         0
   320/399     8.16G   0.01756  0.004647         0   0.02221        18       768    0.2996     0.219    0.1941   0.05194   0.06084  0.005279         0
   321/399     8.16G   0.01504  0.004737         0   0.01977        18       768    0.2248   0.09302    0.1025    0.0274    0.0618  0.005832         0
   322/399     8.16G   0.01917  0.004686         0   0.02386        18       768    0.1685   0.04651   0.08179   0.03582   0.06266  0.005899         0
   323/399     8.16G   0.01423   0.00456         0    0.0188        18       768    0.1435   0.04651    0.1062   0.03903   0.06118  0.005678         0
   324/399     8.16G    0.0153  0.004492         0    0.0198        18       768    0.2087   0.09208   0.09375   0.03204   0.06142  0.005799         0
   325/399     8.16G   0.01521  0.004582         0   0.01979        18       768    0.2048   0.09302   0.07863   0.04024   0.06226  0.005932         0
   326/399     8.16G   0.02153  0.004629         0   0.02616        18       768    0.1857   0.09302   0.09078   0.04406   0.06158  0.005974         0
   327/399     8.16G   0.01697  0.004587         0   0.02156        18       768    0.1487    0.1017    0.1141   0.03765   0.06101  0.005522         0
   328/399     8.16G   0.01413  0.004437         0   0.01857        18       768    0.2911    0.2326    0.1778   0.04993   0.05992  0.005145         0
   329/399     8.16G   0.01518  0.004747         0   0.01993        18       768    0.2077    0.1395     0.113   0.03942    0.0597  0.005525         0
   330/399     8.16G   0.01388  0.004267         0   0.01814        18       768    0.2044    0.1395    0.1597   0.04987    0.0599  0.005421         0
   331/399     8.16G    0.0138  0.004427         0   0.01823        18       768    0.2081    0.1395    0.1494   0.05385   0.05987  0.005433         0
   332/399     8.16G   0.02024  0.004486         0   0.02472        18       768    0.1971    0.1163    0.1167   0.04435   0.06015  0.005591         0
   333/399     8.16G   0.01515  0.004114         0   0.01926        18       768    0.2998    0.2091    0.1783     0.059   0.05892  0.005205         0
   334/399     8.16G   0.01632  0.004534         0   0.02085        18       768    0.3089    0.2791    0.1852   0.06049   0.05832  0.005419         0
   335/399     8.16G   0.02099  0.004399         0   0.02539        17       768     0.152    0.1163    0.1012   0.04137   0.06027  0.006015         0
   336/399     8.16G   0.01454  0.004243         0   0.01878        18       768     0.218   0.09302   0.07327   0.03415   0.06062  0.006256         0
   337/399     8.16G    0.0135  0.004307         0   0.01781        18       768    0.3892    0.2816    0.2263   0.07995     0.059  0.005057         0
   338/399     8.16G   0.01343  0.004432         0   0.01787        18       768    0.3391   0.06977    0.1427   0.04714   0.06041  0.005609         0
   339/399     8.16G   0.01876   0.00448         0   0.02324        18       768    0.5341    0.1628    0.1949   0.06117   0.06078  0.005258         0
   340/399     8.16G   0.01756  0.004462         0   0.02202        18       768    0.3425    0.3256    0.2074   0.06467    0.0593  0.005671         0
   341/399     8.16G   0.01382  0.004154         0   0.01797        18       768    0.3196    0.2326    0.2425   0.07784   0.06055  0.005235         0
   342/399     8.16G   0.01442  0.004515         0   0.01893        18       768    0.2934    0.2558     0.235   0.07884   0.06066  0.005302         0
   343/399     8.16G   0.01384  0.004101         0   0.01794        18       768    0.3252     0.325    0.2281   0.07746   0.05992  0.005345         0
   344/399     8.16G   0.01422  0.004132         0   0.01835        18       768    0.3163    0.2906    0.2304   0.08114    0.0599  0.005226         0
   345/399     8.16G   0.01327   0.00415         0   0.01742        18       768    0.2284    0.1163    0.1141   0.04026   0.06093  0.005457         0
   346/399     8.16G   0.01379  0.004145         0   0.01793        18       768     0.226    0.1395    0.1834   0.06174   0.06006  0.005115         0
   347/399     8.16G   0.01624  0.004182         0   0.02042        18       768    0.4108    0.3488    0.2524    0.0742   0.05996  0.005149         0
   348/399     8.16G   0.01476  0.003997         0   0.01875        17       768    0.2333    0.2124    0.1684   0.06151   0.06106  0.005718         0
   349/399     8.16G   0.01708   0.00418         0   0.02126        18       768    0.2997    0.2326    0.2066   0.06027   0.06107  0.005198         0
   350/399     8.16G   0.01419  0.004387         0   0.01858        18       768     0.317    0.2484    0.2128   0.06827   0.06027  0.004977         0
   351/399     8.16G   0.01633  0.004265         0    0.0206        18       768    0.2637    0.1751    0.1644   0.06155   0.06123  0.005623         0
   352/399     8.16G   0.01293  0.004305         0   0.01723        18       768    0.1729    0.1119    0.1383   0.04915   0.06139  0.005853         0
   353/399     8.16G   0.01613  0.004298         0   0.02043        18       768    0.1765    0.1163    0.1471   0.04138   0.06016  0.005626         0
   354/399     8.16G   0.01357  0.004076         0   0.01764        18       768    0.2264    0.1163    0.1151   0.05141   0.06082   0.00577         0
   355/399     8.16G    0.0178  0.004136         0   0.02193        18       768    0.2497    0.1628    0.1643   0.05874   0.06104  0.005639         0
   356/399     8.16G   0.01341  0.003937         0   0.01735        17       768    0.3569    0.2791    0.2419   0.06777   0.06001  0.005676         0
   357/399     8.16G   0.01339  0.003877         0   0.01727        18       768    0.3031    0.2326    0.1824    0.0548   0.06154  0.005741         0
   358/399     8.16G   0.01464  0.004177         0   0.01882        18       768    0.2329    0.1395    0.1369   0.05822   0.06167  0.005736         0
   359/399     8.16G   0.01353   0.00388         0   0.01741        18       768    0.1671   0.06977    0.1236   0.05697   0.06202  0.005704         0
   360/399     8.16G   0.01247  0.003795         0   0.01626        18       768    0.3021     0.186    0.1815   0.04457   0.06183  0.005276         0
   361/399     8.16G   0.01568  0.003844         0   0.01952        18       768    0.3328     0.232    0.2254   0.05528   0.06099  0.004961         0
   362/399     8.16G   0.01805  0.003974         0   0.02202        18       768    0.3985    0.2929    0.2357    0.0615   0.06101  0.004966         0
   363/399     8.16G   0.01386  0.003878         0   0.01774        17       768    0.1395   0.08686    0.1271   0.04661   0.05991  0.005718         0
   364/399     8.16G   0.01382  0.004209         0   0.01803        18       768    0.1741    0.1163    0.1415   0.04175   0.05972  0.005655         0
   365/399     8.16G   0.01311  0.003937         0   0.01705        18       768    0.1458   0.09302    0.1182   0.04271   0.05911  0.005898         0
   366/399     8.16G   0.01648  0.003977         0   0.02045        17       768    0.1748   0.09302    0.1494     0.059    0.0589  0.005865         0
   367/399     8.16G   0.01418   0.00415         0   0.01833        18       768     0.372    0.2558    0.2876    0.0752   0.05924  0.004913         0
   368/399     8.16G   0.01566  0.004019         0   0.01968        18       768    0.3591    0.3023    0.2935    0.0761   0.05921  0.004974         0
   369/399     8.16G   0.01409  0.004176         0   0.01827        18       768    0.2887     0.186    0.2035   0.06119   0.05968  0.005517         0
   370/399     8.16G   0.01396  0.003986         0   0.01795        18       768    0.2641    0.1163    0.1531   0.05995   0.06061  0.005604         0
   371/399     8.16G   0.01655  0.003958         0   0.02051        18       768    0.2402    0.1628    0.1737   0.05871   0.06079  0.005624         0
   372/399     8.16G   0.01643  0.003818         0   0.02025        18       768    0.2388    0.2044    0.1643   0.05435    0.0607  0.005847         0
   373/399     8.16G    0.0131  0.003861         0   0.01696        18       768    0.3793    0.3488    0.2283   0.06125   0.05989  0.005436         0
   374/399     8.16G   0.01282  0.003911         0   0.01674        18       768    0.2614    0.2558    0.1869   0.05797   0.06035  0.005781         0
   375/399     8.16G   0.01344  0.004091         0   0.01753        18       768    0.2719    0.2093     0.131   0.04148   0.06113  0.006062         0
   376/399     8.16G   0.01244  0.003715         0   0.01615        18       768    0.2738     0.228    0.1638   0.05181   0.06132   0.00583         0
   377/399     8.16G   0.01322  0.003894         0   0.01711        18       768    0.3189    0.3256    0.2168   0.06498   0.06078  0.005416         0
   378/399     8.16G   0.01265   0.00376         0   0.01641        18       768    0.2764    0.2489    0.1772   0.05696   0.06202  0.005665         0
   379/399     8.16G   0.01577  0.003866         0   0.01964        18       768    0.2255    0.1395    0.1563   0.04946   0.06244  0.005907         0
   380/399     8.16G   0.01261  0.003942         0   0.01656        18       768    0.2827    0.2093    0.1912   0.05586   0.06189  0.005846         0
   381/399     8.16G   0.01384  0.003644         0   0.01748        18       768     0.428    0.2326    0.2463   0.07069   0.06007  0.005454         0
   382/399     8.16G   0.01552  0.003756         0   0.01927        18       768    0.2622    0.2093     0.196   0.05746   0.06146    0.0061         0
   383/399     8.16G   0.01543  0.003896         0   0.01933        18       768    0.2582    0.2093    0.1823   0.05673   0.06171  0.006008         0
   384/399     8.16G   0.01227  0.003655         0   0.01593        18       768    0.2745    0.3023    0.1812    0.0611   0.06117  0.006109         0
   385/399     8.16G   0.01289  0.003658         0   0.01655        18       768    0.2473    0.2791    0.2485   0.09317   0.05917  0.005707         0
   386/399     8.16G   0.01492   0.00382         0   0.01874        18       768    0.3186    0.3256    0.2664   0.08443   0.05884  0.005324         0
   387/399     8.16G   0.01388  0.003876         0   0.01776        18       768    0.3042    0.2791    0.2077   0.05909   0.06018  0.005305         0
   388/399     8.16G   0.01294  0.003869         0   0.01681        18       768     0.255    0.1628    0.1536   0.04857   0.05975  0.005795         0
   389/399     8.16G   0.01232  0.003442         0   0.01576        18       768    0.2195    0.1395    0.1642   0.04994   0.05945   0.00578         0
   390/399     8.16G   0.01807  0.003842         0   0.02191        18       768    0.2915    0.2093     0.222   0.06751   0.05894  0.005463         0
   391/399     8.16G   0.01279  0.003728         0   0.01652        18       768    0.2223    0.1395    0.1659   0.05039   0.06027  0.005744         0
   392/399     8.16G   0.01566  0.003841         0    0.0195        17       768    0.1765   0.09302    0.1097    0.0415   0.06126  0.006156         0
   393/399     8.16G   0.01272  0.003487         0   0.01621        17       768    0.1301   0.06977   0.08817   0.03555   0.06144  0.006142         0
   394/399     8.16G   0.01217  0.003765         0   0.01593        18       768    0.1715   0.09302    0.1107   0.04095   0.06155  0.006122         0
   395/399     8.16G   0.01303  0.003684         0   0.01672        18       768    0.3246    0.2326    0.1842   0.06163   0.06121  0.005534         0
   396/399     8.16G   0.01735  0.003779         0   0.02113        18       768     0.227    0.1395    0.1391   0.04153    0.0613  0.005888         0
   397/399     8.16G    0.0119  0.003459         0   0.01536        18       768    0.1153   0.06977    0.1103   0.03542   0.06128  0.006195         0
   398/399     8.16G   0.01494  0.003875         0   0.01882        18       768    0.2745    0.2377    0.1733    0.0521   0.06105  0.005629         0
   399/399     8.16G   0.01486  0.003968         0   0.01883        18       768    0.3125    0.2326    0.2235   0.08212   0.06051  0.005362         0
