     0/299     8.23G   0.03039   0.01331         0    0.0437         5       768    0.3546    0.2581    0.2986    0.1069   0.05479  0.006161         0
     1/299     8.25G   0.03838   0.01444         0   0.05282         5       768    0.3039    0.2581    0.2691   0.08773   0.05422  0.006209         0
     2/299     8.25G   0.03363   0.01351         0   0.04714         4       768    0.3095    0.2903    0.2329   0.08142   0.05337  0.006184         0
     3/299     8.25G   0.02524   0.01135         0   0.03658         2       768    0.3332    0.2903    0.2183   0.07484   0.05296  0.006154         0
     4/299     8.25G   0.03854   0.01338         0   0.05192         3       768    0.3434     0.287    0.1958   0.06951   0.05431  0.006043         0
     5/299     8.25G   0.02619   0.01178         0   0.03797         3       768    0.3126    0.2581    0.1916   0.07442   0.05339  0.006082         0
     6/299     8.25G   0.02647   0.01223         0    0.0387         4       768    0.3152    0.2581    0.2032   0.07872   0.05383  0.005992         0
     7/299     8.25G    0.0398    0.0146         0    0.0544         5       768    0.2984    0.2581    0.2024   0.07676   0.05451  0.006054         0
     8/299     8.25G   0.02785   0.01291         0   0.04076         3       768    0.3211    0.2581    0.1878   0.07437   0.05485  0.005987         0
     9/299     8.25G   0.02258   0.01211         0   0.03468         2       768    0.2857    0.2581    0.2038   0.07368   0.05418  0.006154         0
    10/299     8.25G   0.02987   0.01221         0   0.04208         4       768    0.3273    0.2581    0.1786   0.06638   0.05462  0.005927         0
    11/299     8.25G   0.03089    0.0134         0    0.0443         3       768    0.2986    0.2258    0.1722   0.06485   0.05559  0.005882         0
    12/299     8.25G   0.03783    0.0135         0   0.05133         3       768    0.2361    0.1613    0.1506   0.05207    0.0557  0.005831         0
    13/299     8.25G   0.02638   0.01375         0   0.04013         4       768    0.2378    0.1935    0.1659   0.06526   0.05573  0.006078         0
    14/299     8.25G   0.03403   0.01419         0   0.04822         4       768    0.2836    0.3226    0.2641    0.0806   0.05414  0.006648         0
    15/299     8.25G   0.02666   0.01323         0   0.03989         4       768    0.2466    0.2258    0.1716   0.06672   0.05614  0.006165         0
    16/299     8.25G   0.03166   0.01137         0   0.04302         3       768    0.2479    0.2023    0.1746   0.06732   0.05568  0.005952         0
    17/299     8.25G   0.02671   0.01242         0   0.03913         3       768    0.2174    0.1613    0.1842   0.06693    0.0549   0.00589         0
    18/299     8.25G   0.02551   0.01338         0    0.0389         3       768    0.2738    0.2258    0.2009    0.0688   0.05362  0.006092         0
    19/299     8.25G   0.03205    0.0154         0   0.04745         6       768    0.2739    0.2258    0.2039   0.07112   0.05368  0.006224         0
    20/299     8.25G   0.02515   0.01184         0   0.03699         2       768      0.18     0.129    0.1735   0.06219   0.05525  0.005907         0
    21/299     8.25G   0.03142   0.01295         0   0.04437         6       768    0.3187    0.2258    0.2249   0.09088   0.05342  0.006239         0
    22/299     8.25G   0.02822   0.01202         0   0.04024         5       768    0.3061    0.2258    0.2085   0.07836    0.0535  0.006136         0
    23/299     8.25G   0.02514   0.01225         0   0.03739         3       768    0.2307     0.129    0.1952   0.07004   0.05481  0.005658         0
    24/299     8.25G   0.03567   0.01289         0   0.04855         3       768     0.223     0.129    0.1955   0.06385   0.05399  0.005853         0
    25/299     8.25G   0.03195   0.01377         0   0.04572         7       768    0.2768    0.2258    0.1835   0.07308   0.05331  0.006075         0
    26/299     8.25G   0.02194   0.01329         0   0.03522         3       768    0.2706    0.2258    0.1995   0.07787   0.05372  0.006122         0
    27/299     8.25G    0.0277   0.01235         0   0.04005         3       768    0.3114    0.2336    0.1918   0.07547   0.05412  0.006124         0
    28/299     8.25G   0.03045   0.01274         0   0.04318         3       768    0.3211    0.2258    0.1882   0.06964   0.05336  0.006009         0
    29/299     8.25G   0.02612   0.01264         0   0.03876         2       768    0.2808    0.1613    0.1767   0.05874   0.05403  0.005862         0
    30/299     8.25G    0.0263   0.01218         0   0.03848         3       768    0.2483    0.1613    0.1829   0.07056    0.0528  0.006031         0
    31/299     8.25G    0.0363   0.01364         0   0.04994         5       768    0.3873    0.2581    0.2131   0.07688   0.05383  0.006064         0
    32/299     8.25G   0.03029   0.01363         0   0.04392         5       768    0.3486    0.2245    0.1851   0.06723   0.05429  0.006033         0
    33/299     8.25G   0.03017   0.01377         0   0.04394         3       768    0.3229    0.2581    0.2306   0.07166   0.05422   0.00621         0
    34/299     8.25G   0.03167   0.01102         0   0.04269         2       768    0.3565    0.3226    0.2856   0.08728   0.05442  0.006658         0
    35/299     8.25G   0.02323   0.01376         0   0.03698         4       768     0.345    0.2581    0.2642   0.08486   0.05531  0.006414         0
    36/299     8.25G   0.03314   0.01324         0   0.04638         5       768    0.2809    0.1613     0.184   0.06904   0.05455  0.005847         0
    37/299     8.25G   0.02894   0.01086         0    0.0398         2       768    0.2839    0.3226    0.3233    0.1146   0.05558  0.006667         0
    38/299     8.25G   0.03593   0.01193         0   0.04785         3       768    0.2759    0.1935    0.1773   0.06318   0.05364  0.006068         0
    39/299     8.25G   0.02732   0.01352         0   0.04085         6       768    0.2157     0.129    0.1635   0.06081   0.05401  0.005934         0
    40/299     8.25G   0.02495   0.01279         0   0.03775         6       768    0.2969    0.2258    0.1997   0.06656    0.0528  0.006163         0
    41/299     8.25G   0.03043   0.01442         0   0.04485         7       768    0.2232    0.1613    0.1559   0.05731   0.05338  0.006102         0
    42/299     8.25G   0.02603    0.0106         0   0.03663         1       768    0.3215    0.2258    0.1936   0.06284    0.0531  0.006077         0
    43/299     8.25G   0.02726   0.01216         0   0.03942         3       768    0.3657    0.2233    0.1817   0.06124   0.05398  0.005959         0
    44/299     8.25G   0.02678   0.01259         0   0.03937         6       768     0.242     0.129    0.1665   0.07208   0.05404  0.005974         0
    45/299     8.25G    0.0278   0.01331         0   0.04111         6       768    0.3161    0.2258    0.2125   0.07291   0.05528  0.006103         0
    46/299     8.25G   0.02313   0.01458         0   0.03771         6       768    0.3333    0.2903    0.2655    0.0907   0.05729  0.006169         0
    47/299     8.25G    0.0245   0.01375         0   0.03825         5       768    0.2252     0.129    0.1569   0.06899   0.05338   0.00587         0
    48/299     8.25G   0.03031   0.01114         0   0.04145         2       768     0.301     0.129    0.1904   0.07625    0.0538  0.005714         0
    49/299     8.25G   0.02277   0.01411         0   0.03687         5       768    0.2515     0.129    0.1281   0.05266   0.05329  0.005963         0
    50/299     8.25G   0.02028   0.01083         0   0.03112         2       768    0.4634    0.2903    0.2397   0.07876   0.05618  0.005847         0
    51/299     8.25G   0.02753    0.0127         0   0.04023         3       768    0.3854    0.2581    0.2148   0.07186    0.0548  0.005942         0
    52/299     8.25G   0.02428   0.01392         0    0.0382         6       768    0.3392    0.1935    0.2117   0.06872   0.05491  0.005851         0
    53/299     8.25G   0.02432   0.01118         0    0.0355         2       768    0.3568    0.1935    0.2304   0.07897   0.05516  0.005715         0
    54/299     8.25G   0.03296   0.01378         0   0.04674         3       768    0.3551    0.1782    0.1921   0.06885    0.0528  0.005666         0
    55/299     8.25G   0.02966   0.01125         0   0.04091         3       768    0.2825    0.1613    0.1886   0.07001   0.05315  0.005911         0
    56/299     8.25G   0.02859   0.01134         0   0.03992         1       768    0.3132    0.2581    0.2323   0.09808   0.05539   0.00618         0
    57/299     8.25G   0.02237   0.01273         0    0.0351         3       768    0.2884    0.2258    0.1685   0.05747   0.05312  0.006468         0
    58/299     8.25G   0.03378   0.01344         0   0.04722         5       768    0.2871     0.129    0.1551   0.04059   0.05441  0.005976         0
    59/299     8.25G   0.02334   0.01139         0   0.03473         2       768    0.2384     0.129    0.1539   0.05072   0.05287  0.005997         0
    60/299     8.25G   0.03533   0.01449         0   0.04982         6       768    0.2415    0.1935    0.1666   0.07398   0.05348  0.006217         0
    61/299     8.25G   0.02323   0.01349         0   0.03672         5       768    0.3708    0.3548    0.3479   0.09913    0.0566  0.006165         0
    62/299     8.25G   0.03094   0.01341         0   0.04434         6       768    0.3383    0.1935    0.1789   0.04814   0.05325  0.006111         0
    63/299     8.25G   0.03185   0.01206         0   0.04391         4       768    0.2728     0.129    0.1453   0.05269   0.05248  0.005822         0
    64/299     8.25G   0.02681   0.01312         0   0.03993         6       768    0.3173    0.1613    0.1709   0.05398   0.05262   0.00588         0
    65/299     8.25G   0.02851   0.01318         0   0.04169         5       768    0.3873     0.184    0.1671   0.05434   0.05226  0.006131         0
    66/299     8.25G   0.03091   0.01358         0   0.04449         7       768    0.3192    0.2581     0.293    0.1123   0.05727  0.006277         0
    67/299     8.25G   0.03176   0.01419         0   0.04595         6       768    0.3903   0.09677    0.1621   0.04971   0.05422  0.005729         0
    68/299     8.25G   0.02941   0.01184         0   0.04125         3       768    0.2625   0.09677    0.1364   0.04184   0.05416  0.005843         0
    69/299     8.25G   0.02328   0.01389         0   0.03717         5       768    0.2239    0.1613    0.1402   0.04857   0.05395  0.006278         0
    70/299     8.25G   0.03345   0.01391         0   0.04736         5       768    0.3578    0.1935     0.192   0.07371   0.05664  0.005637         0
    71/299     8.25G    0.0223   0.01393         0   0.03623         5       768    0.3129     0.129     0.165   0.06841   0.05371  0.005374         0
    72/299     8.25G   0.02727   0.01145         0   0.03872         2       768    0.2013   0.09677    0.1592    0.0614   0.05363  0.005471         0
    73/299     8.25G   0.02777   0.01241         0   0.04018         8       768    0.2406    0.1935    0.1951   0.07361   0.05522  0.005811         0
    74/299     8.25G   0.02937   0.01272         0   0.04209         3       768     0.151   0.09677    0.1624   0.06582   0.05218  0.006141         0
    75/299     8.25G   0.02988   0.01287         0   0.04275         5       768    0.2199     0.129    0.2009   0.06902   0.05281  0.006023         0
    76/299     8.25G   0.02127   0.01169         0   0.03296         2       768    0.2924    0.1613    0.1941   0.06582   0.05197  0.006069         0
    77/299     8.25G   0.03341   0.01368         0   0.04709         6       768    0.6172    0.1613    0.1731    0.0652   0.05488  0.005471         0
    78/299     8.25G   0.03377   0.01363         0    0.0474         7       768    0.4658     0.129      0.19   0.06783   0.05372  0.005381         0
    79/299     8.25G   0.02658   0.01525         0   0.04183         6       768    0.3813    0.1795    0.1764   0.06671   0.05288  0.005837         0
    80/299     8.25G   0.02321   0.01224         0   0.03545         5       768    0.3581    0.1613    0.1839   0.05727   0.05168   0.00605         0
    81/299     8.25G   0.02869   0.01167         0   0.04036         3       768    0.3628    0.2581    0.2334   0.07454   0.05127  0.006206         0
    82/299     8.25G   0.03204   0.01238         0   0.04442         6       768    0.3577    0.2258     0.193   0.05857   0.05343  0.006157         0
    83/299     8.25G   0.03227   0.01123         0   0.04351         2       768    0.3749    0.3226     0.262   0.07665   0.05392  0.006382         0
    84/299     8.25G   0.03257   0.01364         0   0.04621         7       768    0.3138    0.2581    0.1822   0.06691   0.05371  0.006129         0
    85/299     8.25G   0.02601   0.01271         0   0.03872         5       768    0.3938    0.2517    0.2595   0.06792   0.05333  0.006203         0
    86/299     8.25G   0.01968   0.01106         0   0.03074         5       768     0.415    0.2065    0.1878    0.0609   0.05274  0.005914         0
    87/299     8.25G   0.02444   0.01316         0    0.0376         7       768    0.3807    0.1935    0.1602   0.05465   0.05181  0.005872         0
    88/299     8.25G   0.03429   0.01603         0   0.05032         7       768    0.3283    0.2258    0.2117   0.06682   0.05237    0.0061         0
    89/299     8.25G   0.02754   0.01154         0   0.03908         4       768    0.3558    0.3226    0.2622   0.09137   0.05518  0.006537         0
    90/299     8.25G   0.03568   0.01569         0   0.05137         8       768    0.2527    0.2903     0.257   0.07042   0.05251  0.006991         0
    91/299     8.25G   0.02414   0.01094         0   0.03508         2       768    0.2978    0.2903    0.2217   0.06618   0.05234  0.006478         0
    92/299     8.25G   0.02437   0.01054         0   0.03491         2       768    0.2688    0.1613     0.186   0.04305   0.05221  0.006051         0
    93/299     8.25G   0.01931   0.01152         0   0.03084         5       768    0.3569    0.3548    0.2718   0.07014   0.05477  0.006304         0
    94/299     8.25G   0.02377   0.01084         0   0.03461         3       768    0.3084    0.2903    0.2336   0.07403   0.05421  0.006221         0
    95/299     8.25G   0.02592   0.01138         0    0.0373         2       768    0.2514    0.1935    0.1506   0.05227   0.05161  0.006246         0
    96/299     8.25G    0.0293   0.01268         0   0.04198         5       768    0.3144    0.2258    0.1717   0.05299   0.05278  0.006261         0
    97/299     8.25G   0.02813   0.01347         0    0.0416         5       768    0.2585    0.1613    0.1665   0.04904   0.05402  0.006011         0
    98/299     8.25G   0.03033   0.01117         0    0.0415         3       768    0.3423    0.3226    0.2751   0.07927    0.0562  0.006306         0
    99/299     8.25G   0.03231   0.01195         0   0.04425         5       768    0.3796    0.3226     0.315    0.1075   0.05769   0.00639         0
   100/299     8.25G   0.02781   0.01291         0   0.04072         6       768    0.3652     0.129     0.164    0.0557   0.05711  0.005561         0
   101/299     8.25G   0.02992   0.01391         0   0.04383         7       768    0.2756    0.1613    0.2231   0.08768   0.05552  0.005753         0
   102/299     8.25G   0.03208   0.01427         0   0.04635         5       768    0.4359    0.2496    0.2348   0.09612    0.0574  0.005717         0
   103/299     8.25G   0.02928   0.01186         0   0.04114         4       768    0.5921     0.129    0.1892   0.07936   0.05499   0.00545         0
   104/299     8.25G   0.03153   0.01247         0   0.04399         4       768    0.5295   0.09677    0.1444   0.05068   0.05601  0.006067         0
   105/299     8.25G   0.02725   0.01277         0   0.04002         4       768     0.281     0.129    0.1844   0.07062   0.05318   0.00555         0
   106/299     8.25G   0.03158   0.01194         0   0.04352         3       768    0.3855    0.2581    0.2353   0.07945   0.05484  0.005749         0
   107/299     8.25G   0.02986   0.01134         0    0.0412         3       768     0.317    0.1935    0.2154   0.06955   0.05206   0.00583         0
   108/299     8.25G   0.02533   0.01277         0    0.0381         4       768    0.3126    0.2903    0.2895    0.1002   0.05622  0.006556         0
   109/299     8.25G   0.03549   0.01169         0   0.04718         3       768    0.4198    0.2581    0.2137   0.06599   0.05453   0.00601         0
   110/299     8.25G   0.02953    0.0135         0   0.04303         5       768    0.2688    0.1935    0.1726   0.06106   0.05619  0.005892         0
   111/299     8.25G   0.03213   0.01257         0    0.0447         6       768    0.3321    0.2581    0.1847   0.05711   0.05587  0.005962         0
   112/299     8.25G   0.02379   0.01224         0   0.03603         6       768    0.3516    0.2581    0.1699   0.05231   0.05665  0.005946         0
   113/299     8.25G   0.02933   0.01205         0   0.04138         3       768    0.3352    0.2258    0.1719   0.06093   0.05531  0.005886         0
   114/299     8.25G   0.02829   0.01042         0   0.03871         1       768    0.3989    0.2581    0.2775    0.1025   0.05776  0.005904         0
   115/299     8.25G     0.032   0.01187         0   0.04387         6       768    0.2844     0.129    0.1277   0.05312   0.05401  0.005887         0
   116/299     8.25G   0.03321   0.01114         0   0.04435         4       768    0.3795   0.09677     0.124   0.03883   0.05446  0.005621         0
   117/299     8.25G   0.02803    0.0108         0   0.03883         3       768    0.2678     0.129     0.137   0.04979   0.05269  0.005763         0
   118/299     8.25G   0.02922   0.01157         0    0.0408         6       768    0.2902   0.09677    0.1358   0.03497   0.05407  0.005845         0
   119/299     8.25G   0.03182   0.01194         0   0.04376         5       768    0.3231   0.09677    0.1393   0.03392   0.05585  0.005743         0
   120/299     8.25G   0.02541  0.009826         0   0.03523         3       768    0.2102   0.03226   0.04376   0.01785   0.05711  0.006624         0
   121/299     8.25G   0.03566   0.01362         0   0.04928         6       768    0.3044    0.2903    0.1947   0.04869   0.05679  0.006394         0
   122/299     8.25G   0.02958   0.01141         0     0.041         4       768    0.3785    0.2948    0.2542   0.06685    0.0564     0.006         0
   123/299     8.25G   0.03218   0.01263         0   0.04481         4       768    0.5166    0.2258    0.2667   0.07517    0.0566   0.00574         0
   124/299     8.25G   0.03418   0.01189         0   0.04607         5       768    0.2666   0.06452    0.1297   0.05613    0.0563  0.006078         0
   125/299     8.25G   0.02904   0.01173         0   0.04077         2       768    0.3345    0.2258    0.1845   0.05275   0.05559  0.005841         0
   126/299     8.25G   0.03486   0.01329         0   0.04815         5       768    0.3089    0.2258    0.1848   0.06114   0.05346  0.005915         0
   127/299     8.25G   0.03019    0.0126         0   0.04279         3       768    0.3862    0.2258    0.1376   0.04721   0.05547   0.00584         0
   128/299     8.25G   0.03214   0.01031         0   0.04245         2       768    0.3074    0.3009     0.244   0.07056    0.0519  0.006734         0
   129/299     8.25G   0.03716   0.01154         0    0.0487         2       768     0.529    0.1935    0.2061   0.06313   0.05674  0.005989         0
   130/299     8.25G   0.02582   0.01238         0    0.0382         4       768    0.3178    0.2258    0.2326   0.06549   0.05185  0.006353         0
   131/299     8.25G   0.03017   0.01187         0   0.04204         3       768    0.3201    0.2581    0.1648   0.05983   0.05259  0.006407         0
   132/299     8.25G   0.02638   0.01079         0   0.03717         3       768    0.2631    0.2421    0.2513   0.06607   0.05281  0.006472         0
   133/299     8.25G   0.03361   0.01126         0   0.04487         2       768     0.343    0.2903    0.2363   0.07177   0.05276  0.006176         0
   134/299     8.25G   0.04231   0.01242         0   0.05473         5       768    0.2999    0.2581    0.1739   0.05652   0.05274  0.006431         0
   135/299     8.25G   0.02758   0.01097         0   0.03855         4       768    0.2847   0.09044    0.0895   0.03513   0.06109   0.00551         0
   136/299     8.25G   0.02817   0.01345         0   0.04162         5       768    0.3935    0.2581    0.2259   0.06748   0.05387  0.006067         0
   137/299     8.25G   0.02215   0.01252         0   0.03467         3       768    0.4579    0.2258     0.203   0.07399   0.05574  0.005637         0
   138/299     8.25G   0.03001   0.01387         0   0.04389         6       768    0.4417    0.2258    0.2125   0.07456   0.05343  0.005758         0
   139/299     8.25G   0.03061   0.01072         0   0.04133         2       768    0.4172    0.1935     0.201   0.07934   0.05224  0.005603         0
   140/299     8.25G   0.02685   0.01119         0   0.03804         2       768    0.3307    0.1613    0.1764   0.08124   0.05307  0.005514         0
   141/299     8.25G   0.02875   0.01365         0    0.0424         5       768    0.2978    0.1935    0.1846     0.066    0.0534  0.005889         0
   142/299     8.25G   0.03156   0.01209         0   0.04365         3       768    0.5359    0.1867     0.208   0.07883   0.05779  0.005967         0
   143/299     8.25G   0.03278   0.01201         0   0.04478         4       768    0.3584    0.2258    0.2206   0.07126   0.05476  0.006101         0
   144/299     8.25G    0.0334   0.01191         0    0.0453         5       768    0.3341    0.2431    0.2168   0.09408   0.05281  0.006045         0
   145/299     8.25G   0.03427   0.01216         0   0.04643         5       768    0.3021    0.2655     0.244    0.1021   0.05307  0.006015         0
   146/299     8.25G   0.02327   0.01124         0   0.03451         5       768    0.2663    0.1935    0.1862   0.05466   0.05148  0.006126         0
   147/299     8.25G   0.03437   0.01368         0   0.04805         7       768     0.339    0.1935    0.2426   0.07582   0.05515  0.005922         0
   148/299     8.25G   0.02936   0.01365         0   0.04302         6       768    0.3602    0.1935    0.2152   0.06551   0.05656  0.005851         0
   149/299     8.25G    0.0293   0.01113         0   0.04043         4       768    0.3525    0.1935    0.1711    0.0745   0.05583  0.005978         0
   150/299     8.25G   0.02994   0.01052         0   0.04046         2       768    0.2997    0.1935    0.1899   0.08756   0.05367  0.006036         0
   151/299     8.25G    0.0257   0.01023         0   0.03593         2       768    0.3942    0.2581    0.2253   0.06373    0.0546  0.006036         0
   152/299     8.25G    0.0326   0.01321         0    0.0458         6       768    0.3667    0.2581    0.2221   0.06664   0.05429  0.006281         0
   153/299     8.25G   0.02442   0.01165         0   0.03607         4       768    0.3179    0.2581    0.1891   0.04495   0.05416  0.006533         0
   154/299     8.25G   0.02658   0.01086         0   0.03744         3       768    0.2531    0.3548    0.1692   0.03703   0.05497  0.007577         0
   155/299     8.25G   0.02734   0.01208         0   0.03942         6       768    0.2047    0.2903    0.1726   0.03883    0.0563  0.007599         0
   156/299     8.25G    0.0327   0.01262         0   0.04531         6       768    0.2528    0.2258    0.1693   0.03991   0.05549  0.006676         0
   157/299     8.25G   0.02946   0.01244         0   0.04191         6       768   0.09626   0.06452   0.05503   0.02059   0.05761  0.006291         0
   158/299     8.25G   0.02772   0.01307         0   0.04078         9       768    0.1705   0.09677   0.03825    0.0156   0.05651  0.006384         0
   159/299     8.25G   0.02713   0.01025         0   0.03738         1       768    0.2862    0.1039   0.08771   0.03204   0.05894  0.006034         0
   160/299     8.25G   0.02725   0.01174         0   0.03898         4       768    0.2144   0.06452   0.08653   0.03451   0.05547  0.006277         0
   161/299     8.25G   0.02812   0.01273         0   0.04085         5       768    0.3086    0.1613    0.2121   0.07134   0.05347  0.005977         0
   162/299     8.25G   0.03729   0.01275         0   0.05004         6       768    0.2378    0.2116    0.1531   0.05452   0.05742  0.005956         0
   163/299     8.25G   0.02342   0.01093         0   0.03435         3       768    0.3429    0.2903    0.2065   0.06582   0.05524  0.005996         0
   164/299     8.25G   0.02819   0.01119         0   0.03938         3       768     0.348    0.2758    0.2371   0.06797   0.05512  0.005923         0
   165/299     8.25G    0.0267   0.01251         0   0.03921         2       768    0.3399    0.1935    0.1991   0.05192   0.05474  0.005763         0
   166/299     8.25G   0.03383   0.01062         0   0.04445         6       768    0.3956   0.09677   0.09766   0.03917   0.05516  0.006037         0
   167/299     8.25G   0.02998   0.01299         0   0.04297         3       768    0.3544    0.1613    0.1369   0.04031   0.05832  0.005581         0
   168/299     8.25G   0.02713    0.0118         0   0.03893         5       768    0.4628    0.2581    0.2249   0.05691    0.0595  0.005643         0
   169/299     8.25G   0.03522   0.01271         0   0.04793         5       768    0.4371     0.176    0.1514   0.05325   0.05924  0.005885         0
   170/299     8.25G   0.02289   0.01317         0   0.03606         6       768    0.4774    0.1613    0.1517   0.05029   0.05852  0.005914         0
   171/299     8.25G   0.02549   0.01205         0   0.03754         3       768    0.3474     0.129    0.1743   0.05611   0.05954  0.005784         0
   172/299     8.25G   0.02312   0.01214         0   0.03526         5       768    0.4311    0.1613    0.2373   0.06396   0.06018  0.005263         0
   173/299     8.25G   0.02814     0.011         0   0.03914         2       768    0.6647   0.09677    0.2074   0.05218   0.06016  0.005327         0
   174/299     8.25G   0.02863   0.01102         0   0.03965         2       768    0.5199    0.2799    0.2413   0.07036   0.05497  0.005976         0
   175/299     8.25G   0.03556   0.01204         0    0.0476         2       768    0.2805    0.1935    0.1582   0.06867   0.05301  0.005967         0
   176/299     8.25G   0.02037   0.01098         0   0.03135         3       768    0.2739    0.1935    0.1717   0.05723   0.05185  0.005941         0
   177/299     8.25G   0.02509   0.01271         0    0.0378         5       768    0.4416    0.1935    0.1876    0.0596   0.05283  0.005505         0
   178/299     8.25G    0.0328   0.01094         0   0.04374         3       768    0.3338    0.1613    0.1484   0.04922   0.05301  0.005818         0
   179/299     8.25G   0.03198   0.01253         0    0.0445         7       768    0.3827    0.1935    0.1875   0.05275   0.05276  0.005989         0
   180/299     8.25G   0.03336   0.01288         0   0.04624         7       768    0.3613    0.1613    0.1766   0.05639    0.0543  0.005656         0
   181/299     8.25G   0.02247   0.01176         0   0.03423         4       768    0.3944    0.2258    0.2185   0.05782   0.05488  0.005769         0
   182/299     8.25G   0.02377   0.01006         0   0.03384         1       768    0.5481    0.3134    0.3147   0.09778   0.05687  0.005717         0
   183/299     8.25G   0.02483   0.01078         0   0.03561         2       768    0.5692    0.1935    0.2668   0.09182   0.05768  0.005473         0
   184/299     8.25G   0.02733   0.01216         0   0.03949         6       768     0.343    0.1935    0.2269    0.0786   0.05279  0.006011         0
   185/299     8.25G   0.02365   0.01098         0   0.03463         2       768    0.3044    0.1935    0.1835   0.07436   0.05249  0.005777         0
   186/299     8.25G   0.02438   0.01149         0   0.03588         5       768    0.3097    0.1935    0.1908   0.08511     0.054  0.005564         0
   187/299     8.25G   0.03248   0.01484         0   0.04732         7       768    0.2796    0.1613    0.1688   0.07072     0.055  0.005532         0
   188/299     8.25G   0.02934   0.01009         0   0.03943         2       768    0.3012    0.2258    0.1509   0.05422   0.05505  0.005979         0
   189/299     8.25G   0.02436   0.01193         0   0.03629         6       768    0.2779    0.1935    0.1519    0.0587   0.05391  0.006083         0
   190/299     8.25G   0.03033   0.01078         0   0.04111         3       768    0.3187    0.1935    0.1509    0.0566   0.05433  0.005971         0
   191/299     8.25G   0.03296   0.01384         0    0.0468         7       768    0.2821     0.165    0.1531   0.04336    0.0546  0.006001         0
   192/299     8.25G   0.03067   0.01062         0    0.0413         3       768    0.3204    0.2133    0.2128   0.05874   0.05388  0.006072         0
   193/299     8.25G   0.02672   0.01162         0   0.03834         5       768    0.4436    0.2903    0.2483   0.06354   0.05419  0.006047         0
   194/299     8.25G   0.02809   0.01206         0   0.04015         3       768    0.4111    0.2581    0.2369   0.06227   0.05479  0.005979         0
   195/299     8.25G     0.031   0.01302         0   0.04403         6       768    0.3887    0.2581    0.2423   0.06504   0.05627  0.006071         0
   196/299     8.25G   0.02612    0.0135         0   0.03962         7       768    0.3258    0.2258     0.197   0.05035   0.05429  0.006053         0
   197/299     8.25G   0.02339   0.01074         0   0.03414         4       768    0.2987    0.2581    0.1968    0.0575   0.05426  0.006191         0
   198/299     8.25G   0.02562   0.01094         0   0.03656         2       768    0.3068    0.2903     0.211   0.05606    0.0542   0.00653         0
   199/299     8.25G   0.02977    0.0107         0   0.04047         2       768    0.2288     0.129     0.129   0.04177   0.05392  0.006078         0
   200/299     8.25G   0.02471   0.01063         0   0.03534         3       768    0.3017    0.1537    0.1495   0.03889   0.05459  0.005866         0
   201/299     8.25G   0.02186  0.009128         0   0.03098         1       768    0.2963     0.129    0.1468   0.04558   0.05399  0.005728         0
   202/299     8.25G   0.02268   0.01194         0   0.03461         5       768    0.2982   0.09677     0.117   0.03414   0.05448  0.005634         0
   203/299     8.25G   0.02142   0.01175         0   0.03317         5       768    0.3648     0.129    0.1213   0.03729   0.05469  0.005616         0
   204/299     8.25G   0.02419   0.01167         0   0.03586         4       768    0.3511    0.1613    0.1265   0.03464   0.05475  0.006026         0
   205/299     8.25G   0.02702  0.009991         0   0.03701         4       768    0.2938    0.1935    0.1603   0.05115   0.05438   0.00622         0
   206/299     8.25G   0.02803   0.01247         0    0.0405         5       768    0.3845    0.2258    0.2041   0.06167   0.05467  0.006086         0
   207/299     8.25G   0.03087   0.01192         0   0.04279         7       768    0.3682    0.1613    0.1789   0.05944   0.05488  0.005573         0
   208/299     8.25G   0.02596   0.01163         0   0.03759         3       768    0.3913    0.1613    0.1674   0.05887   0.05447  0.005433         0
   209/299     8.25G   0.01998  0.009859         0   0.02984         2       768    0.2839    0.1613    0.1353   0.04539   0.05406  0.005673         0
   210/299     8.25G   0.03514   0.01111         0   0.04625         3       768    0.2436    0.1613    0.1468   0.04398   0.05441  0.006072         0
   211/299     8.25G   0.02843   0.01045         0   0.03888         4       768      0.35    0.2903    0.2568   0.06974   0.05607  0.006259         0
   212/299     8.25G   0.02512   0.01282         0   0.03794         6       768    0.4163    0.3548    0.2957   0.07204   0.05616  0.006336         0
   213/299     8.25G   0.02911   0.01001         0   0.03913         4       768    0.3508    0.2792     0.278   0.06753   0.05573  0.006278         0
   214/299     8.25G   0.02201   0.01034         0   0.03235         2       768    0.1899    0.1613    0.1617   0.04687   0.05419  0.006174         0
   215/299     8.25G   0.02536   0.01094         0   0.03629         3       768    0.2106     0.129    0.1393   0.04143   0.05474  0.006023         0
   216/299     8.25G   0.02912   0.01208         0    0.0412         5       768    0.2465    0.1481    0.1203   0.03418   0.05422  0.005977         0
   217/299     8.25G   0.02369   0.01097         0   0.03466         5       768    0.3287    0.2581     0.228   0.06647   0.05689  0.005962         0
   218/299     8.25G   0.03461   0.01194         0   0.04655         7       768    0.2743     0.129    0.1189   0.04102   0.05364  0.005966         0
   219/299     8.25G   0.02442  0.009259         0   0.03368         2       768    0.4455    0.1559    0.1239   0.03496   0.05425  0.005679         0
   220/299     8.25G   0.02303   0.01028         0   0.03331         6       768    0.2842   0.09677   0.06062   0.02266   0.05484  0.005922         0
   221/299     8.25G   0.02423   0.01086         0   0.03509         4       768    0.2342    0.1384    0.1495   0.05069    0.0516  0.006073         0
   222/299     8.25G   0.02353   0.01015         0   0.03369         2       768    0.2672    0.1935    0.1631   0.05953   0.05035   0.00605         0
   223/299     8.25G   0.01925   0.01076         0   0.03001         3       768     0.282    0.1935    0.1638   0.05822   0.05109  0.006043         0
   224/299     8.25G   0.02579   0.01062         0   0.03641         3       768    0.3547    0.2485    0.1833   0.05577   0.05153  0.006056         0
   225/299     8.25G   0.02604   0.01115         0   0.03718         6       768     0.234     0.129    0.1466   0.04388   0.05203  0.005891         0
   226/299     8.25G   0.02567   0.01141         0   0.03708         4       768    0.2474     0.129    0.1386   0.04127   0.05284  0.005941         0
   227/299     8.25G   0.03049    0.0111         0   0.04159         3       768    0.4316    0.2258    0.1772   0.05889   0.05123   0.00613         0
   228/299     8.25G   0.02378   0.01046         0   0.03424         4       768    0.3606    0.2258    0.2087   0.06231   0.05246  0.006065         0
   229/299     8.25G   0.02027  0.009878         0   0.03015         4       768    0.4501    0.2904    0.2912    0.1024   0.05528  0.006036         0
   230/299     8.25G   0.03226   0.01011         0   0.04237         4       768     0.569    0.2136    0.3136   0.09455   0.05824  0.005729         0
   231/299     8.25G   0.03055  0.009979         0   0.04053         5       768    0.4734    0.2612    0.2902   0.08251   0.05731  0.005756         0
   232/299     8.25G   0.02029   0.01019         0   0.03047         4       768       0.4    0.1935    0.2483   0.07542   0.05627  0.005716         0
   233/299     8.25G   0.01843   0.01094         0   0.02937         4       768    0.3879    0.2258    0.2467   0.07089    0.0552  0.005848         0
   234/299     8.25G   0.03013   0.00991         0   0.04004         3       768    0.4958     0.254    0.2175   0.06938   0.05184  0.005831         0
   235/299     8.25G   0.02526  0.009782         0   0.03505         4       768     0.454    0.2581    0.2117   0.07302   0.05145  0.005715         0
   236/299     8.25G   0.02482   0.01126         0   0.03608         5       768    0.3453    0.2258    0.1835   0.06113   0.05142  0.005894         0
   237/299     8.25G   0.02302   0.01205         0   0.03507         4       768    0.2839    0.1935    0.1773   0.04968   0.05209  0.006312         0
   238/299     8.25G   0.02577  0.009695         0   0.03546         4       768    0.4146    0.3871    0.2962   0.09452   0.05606  0.006549         0
   239/299     8.25G   0.02833    0.0108         0   0.03913         5       768    0.3912    0.3871    0.3176    0.1088   0.05781  0.006526         0
   240/299     8.25G   0.02264    0.0102         0   0.03283         5       768    0.3966    0.3182     0.233   0.07519   0.05466    0.0061         0
   241/299     8.25G     0.024  0.009783         0   0.03378         4       768    0.3993    0.2581    0.2247   0.06473   0.05317  0.006035         0
   242/299     8.25G   0.02166   0.01103         0   0.03269         6       768    0.3007     0.222    0.2169   0.06786   0.05262  0.006108         0
   243/299     8.25G   0.02175    0.0108         0   0.03256         5       768    0.2649    0.2258    0.2256   0.07158   0.05223  0.006169         0
   244/299     8.25G   0.02319   0.01033         0   0.03352         5       768    0.2784    0.2581    0.1963   0.06198   0.05215  0.006131         0
   245/299     8.25G   0.01952   0.01118         0    0.0307         6       768    0.2768    0.2593    0.2286   0.07575   0.05218  0.006162         0
   246/299     8.25G   0.03378   0.01259         0   0.04637         6       768    0.3432     0.371    0.2682   0.08568   0.05293  0.006381         0
   247/299     8.25G   0.02097  0.007985         0   0.02896         2       768     0.359    0.3226    0.2655   0.08837   0.05274  0.006147         0
   248/299     8.25G   0.02545  0.009861         0   0.03531         3       768    0.2897    0.2258    0.2141   0.06826   0.05269  0.005987         0
   249/299     8.25G   0.02382  0.009943         0   0.03376         5       768    0.3528    0.2258    0.1822   0.06463   0.05288  0.005967         0
   250/299     8.25G   0.02391   0.01207         0   0.03597         6       768     0.352     0.263    0.2285   0.06387   0.05339  0.006104         0
   251/299     8.25G    0.0232   0.01074         0   0.03395         3       768    0.3808    0.2258     0.161   0.05777    0.0528   0.00601         0
   252/299     8.25G   0.02122   0.01015         0   0.03137         5       768    0.3225    0.1935    0.1807   0.06596   0.05232  0.006144         0
   253/299     8.25G   0.02482   0.01026         0   0.03508         5       768    0.2967    0.2725    0.2472    0.0809   0.05403  0.006573         0
   254/299     8.25G   0.02279  0.009359         0   0.03215         5       768    0.2948    0.3373    0.2622    0.0946   0.05498  0.006886         0
   255/299     8.25G   0.02394  0.009857         0    0.0338         5       768    0.3099    0.2903    0.2507   0.09477    0.0552  0.006518         0
   256/299     8.25G   0.01563  0.009287         0   0.02491         2       768    0.3516    0.2903    0.2448   0.09141   0.05542  0.006318         0
   257/299     8.25G   0.03009    0.0116         0   0.04168         6       768    0.3891    0.2903    0.2273   0.07646   0.05516  0.006194         0
   258/299     8.25G   0.01965  0.009503         0   0.02915         5       768    0.4482    0.2581    0.2228   0.06521   0.05421  0.006186         0
   259/299     8.25G   0.02267    0.0093         0   0.03197         6       768    0.4043    0.1935    0.1796   0.06381   0.05352  0.006164         0
   260/299     8.25G   0.02725  0.008995         0   0.03624         1       768    0.3751    0.1935    0.1983   0.06668   0.05374  0.006108         0
   261/299     8.25G   0.01984  0.009147         0   0.02899         2       768    0.3866    0.2258    0.2537   0.07371   0.05446  0.006107         0
   262/299     8.25G   0.02596   0.01229         0   0.03825         8       768    0.3946    0.2258    0.2354   0.06762    0.0544  0.006204         0
   263/299     8.25G   0.02413   0.01011         0   0.03423         6       768    0.3855    0.2903    0.2684    0.0756   0.05513  0.006244         0
   264/299     8.25G   0.02393  0.009831         0   0.03376         4       768    0.3783    0.2903     0.252    0.0738   0.05446  0.006344         0
   265/299     8.25G   0.02638  0.009566         0   0.03595         2       768    0.2583    0.1613    0.1571   0.05872   0.05316  0.006345         0
   266/299     8.25G   0.02566  0.009079         0   0.03474         5       768     0.285    0.1613     0.148   0.05157   0.05283  0.005908         0
   267/299     8.25G   0.02193   0.01007         0     0.032         4       768    0.2931    0.1935    0.1529   0.06243   0.05308  0.006145         0
   268/299     8.25G    0.0215  0.009942         0   0.03144         2       768    0.3761    0.2258    0.2055   0.06189   0.05433  0.006341         0
   269/299     8.25G   0.02627   0.01039         0   0.03665         5       768    0.3157    0.2903    0.2401   0.07634   0.05661  0.006591         0
   270/299     8.25G    0.0211  0.008348         0   0.02944         1       768    0.3815    0.2581    0.2506   0.06732   0.05499  0.006257         0
   271/299     8.25G   0.02236  0.009296         0   0.03166         3       768    0.2411    0.2258    0.1929   0.06462   0.05332  0.006076         0
   272/299     8.25G   0.01695   0.00924         0   0.02619         2       768     0.233    0.1935    0.1693   0.05747   0.05374  0.006042         0
   273/299     8.25G   0.02704  0.008836         0   0.03588         1       768    0.3145    0.2581    0.1834   0.06356   0.05331  0.006175         0
   274/299     8.25G   0.02253  0.008106         0   0.03064         3       768    0.3324    0.2258    0.2329   0.07797   0.05313  0.006202         0
   275/299     8.25G   0.02417   0.01105         0   0.03522         5       768     0.343    0.2258     0.265   0.08125   0.05367   0.00625         0
   276/299     8.25G   0.02255  0.009926         0   0.03248         2       768    0.3042    0.1935    0.1923   0.06674   0.05364  0.006261         0
   277/299     8.25G   0.02641  0.009506         0   0.03591         3       768    0.3328    0.1935    0.1748   0.05882   0.05467  0.006189         0
   278/299     8.25G   0.01874  0.009699         0   0.02844         3       768    0.2779    0.1613    0.1234   0.04558   0.05527  0.006117         0
   279/299     8.25G   0.03241   0.01218         0    0.0446         7       768    0.3123    0.1935    0.1838   0.06227   0.05359  0.006424         0
   280/299     8.25G     0.023  0.009731         0   0.03273         5       768    0.3141    0.1935    0.1672   0.05969   0.05381  0.006408         0
   281/299     8.25G   0.02094   0.01121         0   0.03214         6       768    0.3728    0.2258    0.1729   0.06276    0.0541  0.006344         0
   282/299     8.25G   0.02104  0.009232         0   0.03027         2       768    0.3004    0.2082     0.153   0.05708   0.05465  0.006316         0
   283/299     8.25G   0.02624  0.009978         0   0.03622         4       768    0.3132    0.2581    0.1885   0.06299   0.05542  0.006312         0
   284/299     8.25G   0.02611  0.009347         0   0.03545         2       768     0.325    0.2903    0.2413   0.08123   0.05825  0.006233         0
   285/299     8.25G   0.02232  0.009453         0   0.03177         4       768    0.4042    0.3548    0.2435   0.08741   0.05978  0.005976         0
   286/299     8.25G   0.02794   0.01109         0   0.03903         4       768    0.3404    0.3226    0.2477   0.07772    0.0575  0.006336         0
   287/299     8.25G   0.03036   0.01063         0   0.04098         5       768    0.3738    0.2903    0.2578   0.07612   0.05479  0.006097         0
   288/299     8.25G   0.02427  0.009539         0   0.03381         4       768    0.3677    0.1935    0.2083   0.07093   0.05333  0.005984         0
   289/299     8.25G   0.02108  0.009982         0   0.03106         4       768    0.4129    0.2581    0.2429   0.07453   0.05302  0.006152         0
   290/299     8.25G   0.02027   0.01027         0   0.03054         4       768    0.4278    0.2581    0.2483   0.07939   0.05376  0.006119         0
   291/299     8.25G   0.02355  0.009775         0   0.03332         2       768    0.4817    0.2258     0.218   0.07748   0.05295   0.00599         0
   292/299     8.25G   0.02319    0.0104         0   0.03359         4       768    0.4622    0.2258    0.1886   0.07398   0.05271  0.005758         0
   293/299     8.25G   0.02594  0.008803         0   0.03475         3       768    0.3873    0.1935    0.1872   0.06551   0.05321  0.006004         0
   294/299     8.25G   0.02285  0.008556         0   0.03141         2       768    0.3969    0.2258    0.2135   0.06024   0.05412  0.006289         0
   295/299     8.25G   0.02939   0.00972         0   0.03911         4       768    0.4073    0.2883    0.2165   0.05977   0.05674  0.006318         0
   296/299     8.25G   0.02149  0.008979         0   0.03047         2       768    0.3679    0.2581    0.2053   0.05989   0.05736  0.006287         0
   297/299     8.25G   0.03025   0.00921         0   0.03946         3       768    0.3797    0.2258    0.2275   0.05471   0.05541  0.006231         0
   298/299     8.25G   0.02951   0.01123         0   0.04074         8       768    0.3366    0.1613    0.2004   0.06477    0.0542  0.006187         0
   299/299     8.25G   0.02196  0.009669         0   0.03163         3       768     0.378    0.1613    0.2098   0.05763   0.05377  0.006201         0
