      0/29      4.4G   0.06788    0.3704         0    0.4382         2      1600         0         0 8.334e-05  1.68e-05   0.02487   0.02035         0
      1/29     5.89G   0.05839   0.01399         0   0.07238         4      1600         0         0 7.663e-05 3.703e-05   0.02376  0.007025         0
      2/29     5.89G   0.04775  0.006696         0   0.05444         1      1600         0         0         0         0   0.02056   0.00372         0
      3/29     5.89G   0.04786  0.004249         0    0.0521         2      1600         0         0 0.0003714 7.227e-05     0.022  0.002781         0
      4/29     5.89G   0.04866  0.003065         0   0.05172         2      1600         0         0 5.417e-05 1.617e-05   0.02214  0.001685         0
      5/29     5.89G   0.04679  0.002442         0   0.04924         1      1600         0         0 0.0001123 2.646e-05   0.02386   0.00132         0
      6/29     5.89G   0.04594  0.002077         0   0.04802         0      1600         0         0 0.0002996  4.64e-05    0.0238   0.00153         0
      7/29     5.89G   0.04533  0.001888         0   0.04721         1      1600         0         0 0.0002751 3.387e-05   0.02122  0.001243         0
      8/29     5.89G   0.04319  0.001716         0   0.04491         1      1600         0         0 0.0002359 4.953e-05   0.02142  0.001115         0
      9/29     5.89G   0.03925    0.0016         0   0.04085         0      1600         0         0 0.0003023 4.531e-05   0.02096  0.001056         0
     10/29     5.89G   0.04402  0.001784         0   0.04581         3      1600         0         0         0         0   0.02373 0.0007817         0
     11/29     5.89G   0.04216  0.001494         0   0.04365         1      1600         0         0         0         0   0.02172 0.0008215         0
     12/29     5.89G   0.04923   0.00159         0   0.05082         0      1600         0         0         0         0   0.02398  0.001102         0
     13/29     5.89G   0.04192  0.001429         0   0.04335         2      1600         0         0         0         0   0.02579  0.001042         0
     14/29     5.89G   0.04714  0.001498         0   0.04864         2      1600         0         0 0.0001108 3.325e-05   0.01936 0.0009584         0
     15/29     5.89G   0.03976  0.001531         0   0.04129         3      1600         0         0         0         0   0.01871 0.0008301         0
     16/29     5.89G   0.05044  0.001437         0   0.05188         2      1600         0         0         0         0    0.0202 0.0008105         0
     17/29     5.89G   0.04253  0.001346         0   0.04388         5      1600         0         0         0         0   0.01872 0.0008487         0
     18/29     5.89G   0.04653  0.001492         0   0.04802         2      1600         0         0         0         0   0.02713 0.0009213         0
     19/29     5.89G   0.04445  0.001235         0   0.04569         1      1600         0         0         0         0   0.02186 0.0009202         0
     20/29     5.89G   0.04332  0.001364         0   0.04469         5      1600         0         0         0         0   0.02154 0.0009203         0
     21/29     5.89G   0.04102  0.001333         0   0.04236         3      1600         0         0         0         0   0.02357 0.0008683         0
     22/29     5.89G   0.03584  0.001236         0   0.03708         1      1600         0         0         0         0    0.0182 0.0008135         0
     23/29     5.89G   0.03626  0.001361         0   0.03762         1      1600         0         0         0         0   0.01866 0.0007934         0
     24/29     5.89G   0.04326  0.001606         0   0.04486         0      1600         0         0         0         0   0.01804 0.0007932         0
     25/29     5.89G   0.04041  0.001407         0   0.04181         0      1600         0         0         0         0   0.01856 0.0007796         0
     26/29     5.89G   0.03696  0.001417         0   0.03838         0      1600         0         0         0         0   0.01778  0.000769         0
     27/29     5.89G   0.04025  0.001445         0    0.0417         1      1600         0         0         0         0   0.01711 0.0007964         0
     28/29     5.89G   0.03825  0.001385         0   0.03963         1      1600         0         0         0         0   0.01657 0.0008112         0
     29/29     5.89G   0.03811  0.001348         0   0.03946         2      1600         0         0         0         0   0.01622 0.0008601         0
