     0/149     13.7G   0.08396    0.6587         0    0.7427         5      1600         0         0 0.0001594 4.202e-05   0.04599   0.04655         0
     1/149     13.7G   0.07181   0.03129         0    0.1031         5      1600         0         0 0.0005856 0.0001152   0.04144   0.01977         0
     2/149     13.7G   0.06567   0.01598         0   0.08166         6      1600         0         0 0.0004578 7.432e-05   0.04112   0.01193         0
     3/149     13.7G   0.05522   0.01065         0   0.06587         6      1600         0         0 0.0002048 4.593e-05   0.03418  0.008166         0
     4/149     13.7G   0.06075  0.007535         0   0.06829         6      1600         0         0 0.0004688 8.922e-05   0.03442  0.005629         0
     5/149     13.7G   0.05694  0.006198         0   0.06313         3      1600         0         0 0.0002497 5.484e-05   0.03759   0.00481         0
     6/149     13.7G   0.05597  0.004902         0   0.06087         3      1600         0         0 0.0007263 0.0001993   0.03506  0.003777         0
     7/149     13.7G   0.05787  0.004156         0   0.06203         2      1600         0         0 0.0009555 0.0002781   0.03386  0.002971         0
     8/149     13.7G   0.05443  0.003692         0   0.05812         3      1600         0         0 0.0009007 0.0002342   0.03319   0.00279         0
     9/149     13.7G   0.05506  0.003565         0   0.05862         8      1600         0         0  0.003236  0.000711   0.03035  0.002341         0
    10/149     13.7G   0.05365  0.003004         0   0.05665         3      1600         0         0  0.002015 0.0005444   0.03087  0.002203         0
    11/149     13.7G   0.05159  0.002732         0   0.05432         6      1600         0         0   0.00203 0.0005718   0.03076  0.002057         0
    12/149     13.7G   0.04917  0.002977         0   0.05215         5      1600         0         0  0.003271  0.001017   0.02939  0.002086         0
    13/149     13.7G   0.04974  0.002687         0   0.05243         6      1600         0         0  0.003289  0.001147    0.0308   0.00195         0
    14/149     13.7G   0.05531  0.002633         0   0.05794         2      1600         0         0   0.00513  0.001284   0.03365  0.001639         0
    15/149     13.7G   0.04914   0.00276         0    0.0519         6      1600         0         0  0.003184 0.0007169   0.03648   0.00169         0
    16/149     13.7G   0.05178   0.00258         0   0.05436         8      1600         0         0  0.006805  0.001987   0.03389  0.001783         0
    17/149     13.7G   0.04844  0.002408         0   0.05085         2      1600         0         0    0.0105  0.002146   0.02656  0.001758         0
    18/149     13.7G   0.05255  0.002381         0   0.05493         7      1600         0         0   0.01053  0.001964   0.03002  0.001474         0
    19/149     13.7G   0.04751  0.002348         0   0.04985         4      1600         0         0   0.01114  0.002424   0.03201  0.001331         0
    20/149     13.7G   0.05238  0.002271         0   0.05465         5      1600         0         0  0.001996 0.0004055    0.0328  0.001402         0
    21/149     13.7G   0.04854   0.00234         0   0.05088         4      1600         0         0  0.008454  0.001793   0.02948  0.001371         0
    22/149     13.7G   0.04793  0.002474         0   0.05041         1      1600         0         0   0.03626  0.004805   0.02907  0.001376         0
    23/149     13.7G    0.0539  0.002409         0   0.05631         5      1600         0         0   0.02344  0.003235   0.02931  0.001343         0
    24/149     13.7G   0.04849  0.002031         0   0.05052         4      1600         0         0  0.004393  0.001456   0.03144  0.001588         0
    25/149     13.7G   0.05264  0.002135         0   0.05478         5      1600         0         0   0.01391  0.002344   0.03019  0.001453         0
    26/149     13.7G   0.04941  0.002321         0   0.05173        11      1600         0         0   0.01948   0.01268   0.03301  0.001308         0
    27/149     13.7G   0.04873  0.002375         0   0.05111         2      1600         0         0  0.002743 0.0007615   0.03386  0.001239         0
    28/149     13.7G   0.04935   0.00251         0   0.05186         6      1600         0         0    0.0119  0.003539   0.03428  0.001203         0
    29/149     13.7G   0.04908  0.002251         0   0.05133         5      1600         0         0   0.01727  0.004933   0.02925    0.0014         0
    30/149     13.7G   0.04321  0.002163         0   0.04538         7      1600         0         0   0.01392  0.004479   0.02736  0.001411         0
    31/149     13.7G   0.05119  0.002221         0   0.05341         3      1600         0         0   0.03621  0.006895   0.02787  0.001282         0
    32/149     13.7G   0.04627  0.002158         0   0.04843         9      1600         1   0.03704    0.1036   0.02974   0.02634  0.001301         0
    33/149     13.7G   0.04376  0.002135         0    0.0459         3      1600         0         0   0.02904   0.01096    0.0292  0.001345         0
    34/149     13.7G   0.04989  0.002154         0   0.05204         4      1600         0         0   0.03303  0.009664   0.02893  0.001396         0
    35/149     13.7G   0.04626  0.002021         0   0.04828         3      1600         0         0   0.03065   0.00745   0.02887  0.001368         0
    36/149     13.7G    0.0489  0.002292         0   0.05119         3      1600         0         0   0.02797  0.007371   0.02718  0.001239         0
    37/149     13.7G    0.0509  0.002133         0   0.05304         3      1600         1   0.03704   0.04243   0.00894   0.02843  0.001205         0
    38/149     13.7G   0.04493  0.002315         0   0.04724         7      1600         1   0.03704   0.05494   0.01423   0.02767   0.00127         0
    39/149     13.7G   0.04263  0.002185         0   0.04481         6      1600         1   0.03704   0.05134   0.01389   0.02759   0.00128         0
    40/149     13.7G   0.04379  0.002409         0    0.0462         1      1600         0         0   0.03676  0.009258   0.02717  0.001265         0
    41/149     13.7G   0.04635   0.00242         0   0.04877         5      1600         0         0   0.01749  0.003919   0.02734  0.001304         0
    42/149     13.7G   0.04021  0.002235         0   0.04245         2      1600         0         0   0.03796  0.005977    0.0284  0.001288         0
    43/149     13.7G   0.04619  0.002256         0   0.04844         4      1600         0         0    0.0147  0.002358   0.02855  0.001212         0
    44/149     13.7G   0.04656  0.002376         0   0.04894         7      1600         0         0   0.02165  0.005678   0.02799  0.001245         0
    45/149     13.7G   0.04007   0.00217         0   0.04224         5      1600         0         0   0.03337  0.006956   0.02721  0.001246         0
    46/149     13.7G   0.04616   0.00203         0   0.04819         5      1600         0         0   0.01541  0.004214   0.02927  0.001223         0
    47/149     13.7G   0.04131  0.002157         0   0.04347         5      1600         0         0   0.02585  0.007053   0.02796  0.001196         0
    48/149     13.7G   0.04159  0.002211         0    0.0438         8      1600         0         0   0.04075   0.01956   0.02464  0.001188         0
    49/149     13.7G   0.04478  0.002173         0   0.04695         7      1600         0         0   0.02899   0.01344   0.02525  0.001182         0
    50/149     13.7G   0.03966  0.001895         0   0.04156         2      1600         0         0   0.07549   0.02131   0.02392  0.001175         0
    51/149     13.7G   0.04049   0.00237         0   0.04286         9      1600         0         0   0.06109   0.01669   0.02449  0.001239         0
    52/149     13.7G   0.03918  0.001962         0   0.04114         3      1600         0         0   0.04411   0.00984   0.02474  0.001329         0
    53/149     13.7G   0.03795  0.002213         0   0.04016         5      1600         0         0   0.03833   0.01043   0.02586  0.001248         0
    54/149     13.7G   0.04077  0.002037         0    0.0428         6      1600         0         0      0.04    0.0086   0.02816    0.0012         0
    55/149     13.7G   0.04043  0.002227         0   0.04265         6      1600         0         0   0.04561   0.01528   0.02502  0.001231         0
    56/149     13.7G   0.03846  0.002042         0    0.0405         3      1600         1   0.03704   0.08435   0.04598   0.02474  0.001193         0
    57/149     13.7G    0.0396  0.002463         0   0.04206         2      1600         1   0.03704   0.06866   0.03969   0.02418   0.00115         0
    58/149     13.7G   0.04002  0.002158         0   0.04218         3      1600         1   0.03704   0.08591   0.04068   0.02537  0.001113         0
    59/149     13.7G   0.03524  0.002124         0   0.03736         4      1600         0         0   0.03465   0.00852    0.0245  0.001167         0
    60/149     13.7G   0.03735  0.002237         0   0.03958         5      1600         0         0   0.03577   0.00995   0.02482  0.001118         0
    61/149     13.7G   0.03767  0.001956         0   0.03962         6      1600         0         0   0.05665   0.01465   0.02469  0.001109         0
    62/149     13.7G   0.03619  0.002254         0   0.03844         4      1600         0         0    0.0754   0.03005   0.02605  0.001094         0
    63/149     13.7G    0.0401  0.002292         0   0.04239         4      1600         0         0   0.05514   0.01668   0.02523  0.001141         0
    64/149     13.7G   0.03579  0.002136         0   0.03793         8      1600         0         0   0.07374   0.02887   0.02389  0.001135         0
    65/149     13.7G    0.0369  0.001961         0   0.03886         4      1600         0         0   0.08005   0.03075   0.02558  0.001082         0
    66/149     13.7G   0.04117   0.00228         0   0.04345         4      1600         0         0   0.02862   0.01513    0.0242  0.001189         0
    67/149     13.7G   0.03546  0.002254         0   0.03771         4      1600         0         0    0.0407   0.01326   0.02438   0.00117         0
    68/149     13.7G   0.03431  0.002126         0   0.03643         3      1600         0         0   0.04377   0.01696   0.02561  0.001145         0
    69/149     13.7G   0.04031  0.002078         0   0.04238         1      1600         0         0   0.07448   0.03578   0.02296  0.001147         0
    70/149     13.7G   0.03836  0.002273         0   0.04063         4      1600         1   0.03704   0.09821   0.05414   0.02447  0.001111         0
    71/149     13.7G   0.03508  0.002109         0   0.03719        10      1600         1   0.03704   0.08925   0.04019   0.02368  0.001126         0
    72/149     13.7G   0.03832  0.002207         0   0.04053         6      1600         1   0.03704    0.1068   0.04915   0.02325  0.001124         0
    73/149     13.7G   0.03688   0.00204         0   0.03892         4      1600         1   0.03704    0.1552   0.08185   0.02261  0.001118         0
    74/149     13.7G   0.03526  0.002263         0   0.03753         9      1600         0         0    0.0655   0.03245   0.02355   0.00116         0
    75/149     13.7G   0.03561  0.002054         0   0.03766         7      1600         0         0    0.0287   0.01059   0.02468  0.001159         0
    76/149     13.7G   0.03571  0.002177         0   0.03788         6      1600         0         0    0.0194  0.006001   0.02595  0.001175         0
    77/149     13.7G   0.03392  0.002041         0   0.03597         4      1600         0         0   0.02983  0.009661   0.02531  0.001106         0
    78/149     13.7G   0.03631  0.001992         0    0.0383         2      1600         0         0   0.04424    0.0161   0.02357  0.001067         0
    79/149     13.7G   0.03693  0.002202         0   0.03914         5      1600         0         0   0.04455   0.01001   0.02683  0.001049         0
    80/149     13.7G   0.03577  0.002256         0   0.03803         1      1600         1   0.03704   0.08587   0.03273   0.02445   0.00108         0
    81/149     13.7G   0.03028  0.001869         0   0.03215         3      1600         0         0   0.05086   0.01715   0.02714  0.001107         0
    82/149     13.7G   0.03498  0.002214         0   0.03719         3      1600         0         0    0.0729   0.03557   0.02446  0.001115         0
    83/149     13.7G   0.03349  0.002419         0   0.03591         5      1600         1   0.03704   0.09987    0.0596   0.02436  0.001099         0
    84/149     13.7G   0.03864   0.00239         0   0.04103         4      1600         1   0.03704   0.09351   0.05026   0.02538  0.001091         0
    85/149     13.7G   0.03252  0.002037         0   0.03456         9      1600         1   0.03704    0.1073   0.05395   0.02443  0.001088         0
    86/149     13.7G    0.0362  0.002021         0   0.03822         5      1600         1   0.03704    0.1291   0.06004   0.02377  0.001038         0
    87/149     13.7G   0.02827  0.001907         0   0.03018         5      1600         0         0   0.09808   0.03477    0.0241   0.00106         0
    88/149     13.7G   0.03356  0.001866         0   0.03543         7      1600         1   0.03704   0.09512   0.04166   0.02428  0.001108         0
    89/149     13.7G   0.03512  0.002414         0   0.03754         5      1600         0         0   0.05922   0.02644   0.02544  0.001075         0
    90/149     13.7G   0.03197  0.002095         0   0.03406         3      1600         1   0.03704    0.1287   0.06509   0.02435  0.001039         0
    91/149     13.7G   0.03175  0.002026         0   0.03378         8      1600         1   0.03704    0.1707   0.07223   0.02413  0.001032         0
    92/149     13.7G   0.02897  0.002117         0   0.03109         3      1600         1   0.03704    0.1463    0.0599   0.02612 0.0009692         0
    93/149     13.7G   0.03112  0.001994         0   0.03312         4      1600         1   0.03704    0.2439    0.1218   0.02323  0.001036         0
    94/149     13.7G     0.031  0.002114         0   0.03311         4      1600         0         0    0.1923   0.07497   0.02414  0.001091         0
    95/149     13.7G   0.03049  0.002255         0   0.03274         6      1600         1   0.03704    0.2226    0.1122   0.02379  0.001066         0
    96/149     13.7G   0.03251  0.002337         0   0.03484         2      1600         1   0.03704    0.1763   0.07267   0.02404  0.001009         0
    97/149     13.7G   0.02951  0.001926         0   0.03144         3      1600         0         0    0.1335   0.06745   0.02395  0.001011         0
    98/149     13.7G   0.03241  0.002185         0    0.0346         3      1600         0         0    0.1539   0.07017    0.0242 0.0009955         0
    99/149     13.7G   0.03054  0.002102         0   0.03264         6      1600         0         0    0.1565   0.08014   0.02295  0.001014         0
   100/149     13.7G   0.03213  0.002034         0   0.03416         1      1600         0         0    0.1529    0.0806   0.02341  0.001006         0
   101/149     13.7G   0.03127  0.002009         0   0.03328         8      1600         0         0    0.1319   0.06069    0.0234  0.001016         0
   102/149     13.7G   0.03044  0.001973         0   0.03242         6      1600         0         0    0.1281   0.05698   0.02298  0.001018         0
   103/149     13.7G   0.02608  0.001947         0   0.02803         6      1600         0         0    0.1534   0.06244   0.02298  0.001007         0
   104/149     13.7G   0.02699  0.002029         0   0.02902         2      1600         0         0    0.1188     0.061   0.02309  0.001004         0
   105/149     13.7G   0.02832  0.002203         0   0.03052         5      1600         0         0    0.1064   0.05362   0.02339 0.0009822         0
   106/149     13.7G   0.02603  0.002051         0   0.02808         4      1600         0         0    0.1364   0.06122   0.02391 0.0009635         0
   107/149     13.7G   0.02836   0.00205         0   0.03041         3      1600         0         0    0.1398   0.05695   0.02272  0.001008         0
   108/149     13.7G   0.02746  0.001898         0   0.02936         8      1600         0         0    0.1105   0.04696   0.02267  0.001014         0
   109/149     13.7G   0.02887   0.00194         0   0.03081         3      1600         0         0   0.08287   0.03706   0.02357   0.00101         0
   110/149     13.7G   0.02632  0.001775         0   0.02809         3      1600         0         0    0.0682   0.03401   0.02371  0.001016         0
   111/149     13.7G    0.0294  0.002082         0   0.03148         5      1600         0         0    0.1012   0.04539   0.02377 0.0009861         0
   112/149     13.7G   0.03091  0.002112         0   0.03302         3      1600         0         0    0.1104   0.04811   0.02447 0.0009582         0
   113/149     13.7G   0.02633  0.002027         0   0.02836         4      1600         0         0    0.1454   0.06137   0.02437  0.000949         0
   114/149     13.7G   0.02438  0.002011         0   0.02639         6      1600         1   0.03704    0.2056   0.07131   0.02444  0.001004         0
   115/149     13.7G   0.02829  0.002115         0   0.03041         2      1600         0         0    0.1276   0.05041   0.02348     0.001         0
   116/149     13.7G   0.02479  0.001898         0   0.02669         6      1600         0         0    0.1339   0.05742    0.0234 0.0009889         0
   117/149     13.7G   0.02616  0.002011         0   0.02817         2      1600         0         0    0.1314   0.05329   0.02402 0.0009662         0
   118/149     13.7G   0.02643  0.002013         0   0.02844         1      1600         0         0    0.1001   0.05101   0.02385 0.0009883         0
   119/149     13.7G   0.02593  0.002095         0   0.02803         2      1600         0         0     0.115   0.05626   0.02382 0.0009868         0
   120/149     13.7G   0.02796  0.002171         0   0.03013         5      1600         0         0   0.09815    0.0588    0.0237   0.00099         0
   121/149     13.7G   0.02319  0.001945         0   0.02513         3      1600         0         0    0.0923   0.05191   0.02329  0.001023         0
   122/149     13.7G   0.02465  0.001962         0   0.02661         3      1600         1   0.03704    0.1229   0.06757   0.02368  0.001017         0
   123/149     13.7G   0.02525  0.001969         0   0.02722         7      1600         1   0.03704    0.1444   0.07476   0.02397  0.001025         0
   124/149     13.7G   0.02613   0.00217         0    0.0283         9      1600         1   0.03704    0.1312   0.06966   0.02405  0.001013         0
   125/149     13.7G    0.0258  0.002002         0   0.02781         1      1600         1   0.03704     0.171   0.08308   0.02313 0.0009905         0
   126/149     13.7G   0.02638  0.002102         0   0.02848         2      1600         1   0.03704    0.1738   0.08869   0.02299 0.0009735         0
   127/149     13.7G   0.02618  0.001981         0   0.02816         4      1600         0         0    0.1421   0.07065   0.02376 0.0009708         0
   128/149     13.7G   0.02454   0.00215         0   0.02669         9      1600         1   0.03704    0.1619   0.07834   0.02393 0.0009975         0
   129/149     13.7G   0.02364  0.001835         0   0.02547         7      1600         1   0.03704    0.1483   0.07175    0.0241 0.0009988         0
   130/149     13.7G   0.02766  0.001942         0    0.0296         3      1600         1   0.03704    0.1414   0.06731   0.02435 0.0009705         0
   131/149     13.7G   0.02389  0.002042         0   0.02593         2      1600         1   0.03704    0.1608    0.0658   0.02461 0.0009422         0
   132/149     13.7G   0.02672  0.002356         0   0.02907         3      1600    0.8357   0.03704    0.1424   0.06476   0.02521 0.0009319         0
   133/149     13.7G   0.02194  0.001653         0    0.0236         1      1600    0.4336   0.03704    0.1037   0.04465    0.0252 0.0009484         0
   134/149     13.7G   0.02534  0.001928         0   0.02727         7      1600    0.3272   0.03704    0.1117   0.05971   0.02472 0.0009713         0
   135/149     13.7G   0.02358  0.001765         0   0.02535         5      1600    0.6876   0.03704    0.1342   0.06268   0.02381 0.0009701         0
   136/149     13.7G   0.02124  0.001731         0   0.02297         0      1600    0.6802   0.03704    0.1394   0.07256   0.02355 0.0009635         0
   137/149     13.7G   0.02444   0.00191         0   0.02635         9      1600         1   0.03704    0.2076     0.112   0.02319 0.0009506         0
   138/149     13.7G   0.02453  0.002279         0   0.02681         7      1600         0         0    0.2578    0.1149   0.02333  0.000965         0
   139/149     13.7G   0.02181  0.001692         0    0.0235         8      1600         0         0    0.2687    0.1119   0.02357 0.0009723         0
   140/149     13.7G   0.02293  0.001768         0   0.02469         6      1600         1   0.03704    0.2122    0.1073   0.02382 0.0009443         0
   141/149     13.7G   0.02616   0.00212         0   0.02828         7      1600         1   0.03704    0.2059    0.1101   0.02353 0.0009351         0
   142/149     13.7G   0.02587  0.002044         0   0.02791         3      1600         0         0    0.1539   0.06977   0.02325  0.000945         0
   143/149     13.7G    0.0225  0.001899         0    0.0244         2      1600         0         0    0.1113   0.05031   0.02364  0.000954         0
   144/149     13.7G   0.02166  0.001755         0   0.02342         3      1600    0.3659   0.03704    0.1212   0.05783   0.02366 0.0009669         0
   145/149     13.7G   0.02184  0.001946         0   0.02378         2      1600    0.4764   0.03704    0.1707   0.08893   0.02393 0.0009663         0
   146/149     13.7G   0.02111  0.001781         0   0.02289         3      1600    0.3921   0.02905    0.2143    0.1102   0.02365 0.0009576         0
   147/149     13.7G   0.02683  0.002175         0   0.02901         7      1600         0         0    0.2358    0.1117   0.02388 0.0009622         0
   148/149     13.7G    0.0223  0.001908         0   0.02421         4      1600    0.3555   0.02633     0.187   0.09491   0.02316  0.000997         0
   149/149     13.7G   0.02126  0.001908         0   0.02317         2      1600    0.4637   0.06601    0.1603   0.08468   0.02282  0.001001         0
