      0/49     8.22G   0.09216     3.737         0     3.829         5       768         0         0         0         0   0.07601     2.862         0
      1/49     8.25G    0.1093     1.434         0     1.543         5       768  0.001445    0.2903  0.002728 0.0003749   0.07305    0.1464         0
      2/49     8.25G    0.1029   0.07825         0    0.1811         4       768         0         0  0.004344 0.0006892   0.06767   0.03795         0
      3/49     8.25G   0.07143   0.02767         0   0.09911         2       768         0         0  0.004371 0.0007336   0.06181   0.02021         0
      4/49     8.25G    0.1046    0.0206         0    0.1252         3       768         0         0  0.005079 0.0009837   0.05409    0.0157         0
      5/49     8.25G   0.06721   0.01658         0   0.08379         3       768         0         0   0.01001  0.001953    0.0512   0.01315         0
      6/49     8.25G   0.06906    0.0161         0   0.08516         4       768         0         0   0.01686  0.002589   0.04555   0.01246         0
      7/49     8.25G   0.07862   0.01721         0   0.09583         5       768         0         0   0.01007  0.002685    0.0475   0.01142         0
      8/49     8.25G   0.06696   0.01553         0    0.0825         3       768         0         0   0.01321  0.003513   0.04647   0.01089         0
      9/49     8.25G   0.06246   0.01443         0   0.07688         2       768         0         0    0.0112  0.002044   0.04867   0.01054         0
     10/49     8.25G   0.05988   0.01455         0   0.07443         4       768         0         0   0.02496  0.005436   0.04928  0.009493         0
     11/49     8.25G   0.07642   0.01449         0   0.09091         3       768         0         0   0.02808  0.006045   0.05128  0.009059         0
     12/49     8.25G   0.07474     0.015         0   0.08974         3       768         0         0   0.01608  0.003807   0.04996  0.008437         0
     13/49     8.25G   0.05582   0.01548         0   0.07129         4       768         0         0   0.01083  0.001829   0.04812   0.00826         0
     14/49     8.25G    0.0616   0.01635         0   0.07794         4       768         0         0   0.01555  0.003735   0.04879  0.008235         0
     15/49     8.25G   0.06156   0.01408         0   0.07564         4       768         0         0   0.01419  0.003549   0.04935  0.007867         0
     16/49     8.25G   0.07019   0.01338         0   0.08357         3       768         0         0   0.01063  0.002587   0.05308  0.007435         0
     17/49     8.25G   0.05338   0.01396         0   0.06734         3       768         0         0   0.02976  0.007748   0.04698  0.008027         0
     18/49     8.25G   0.05933   0.01478         0   0.07411         3       768         0         0  0.009024  0.001899   0.05261  0.007091         0
     19/49     8.25G   0.06467   0.01698         0   0.08165         6       768         0         0   0.01375  0.003247   0.05673   0.00668         0
     20/49     8.25G   0.05303   0.01342         0   0.06645         2       768         0         0   0.01363   0.00319   0.05359  0.006709         0
     21/49     8.25G   0.05816   0.01518         0   0.07334         6       768         0         0   0.04741    0.0143   0.05122   0.00693         0
     22/49     8.25G   0.05835    0.0135         0   0.07185         5       768         0         0   0.03377  0.005869   0.04802  0.006915         0
     23/49     8.25G   0.05371   0.01399         0    0.0677         3       768         0         0   0.03445  0.008816   0.04576  0.007086         0
     24/49     8.25G   0.06666   0.01464         0    0.0813         3       768         0         0   0.02515  0.003914   0.05771  0.006658         0
     25/49     8.25G    0.0613    0.0161         0    0.0774         7       768         0         0   0.02096  0.003845   0.04955  0.006586         0
     26/49     8.25G    0.0496   0.01515         0   0.06475         3       768         0         0   0.01627  0.003049   0.04932   0.00663         0
     27/49     8.25G   0.05541   0.01412         0   0.06953         3       768         0         0   0.01491  0.003019   0.04877  0.006554         0
     28/49     8.25G   0.05863   0.01466         0   0.07329         3       768         0         0   0.01661  0.002601   0.05183   0.00636         0
     29/49     8.25G   0.04856   0.01412         0   0.06268         2       768         0         0    0.0117  0.002087   0.05559   0.00662         0
     30/49     8.25G   0.05451   0.01354         0   0.06805         3       768         0         0   0.02033  0.004205   0.05143  0.006918         0
     31/49     8.25G   0.06611   0.01442         0   0.08053         5       768         0         0   0.02364  0.005724   0.04952   0.00676         0
     32/49     8.25G   0.05425   0.01618         0   0.07043         5       768         0         0   0.02543  0.005456   0.05235  0.006429         0
     33/49     8.25G    0.0548   0.01638         0   0.07118         3       768         0         0   0.03103   0.00812   0.05462  0.006509         0
     34/49     8.25G   0.05913   0.01276         0    0.0719         2       768         0         0   0.02207  0.004314   0.05449  0.006782         0
     35/49     8.25G   0.04552   0.01639         0   0.06192         4       768         0         0   0.02681  0.006083   0.05277   0.00665         0
     36/49     8.25G   0.06373   0.01414         0   0.07787         5       768         0         0   0.02948  0.007242   0.05212  0.006653         0
     37/49     8.25G   0.05691   0.01272         0   0.06963         2       768         0         0   0.02931  0.007562   0.05227  0.006632         0
     38/49     8.25G   0.05662   0.01395         0   0.07056         3       768         0         0   0.03737  0.007293   0.05376  0.006601         0
     39/49     8.25G   0.05046   0.01683         0   0.06729         6       768         0         0   0.02433  0.006599   0.05409  0.006542         0
     40/49     8.25G   0.04792   0.01568         0   0.06361         6       768         0         0   0.02502  0.006923    0.0554  0.006356         0
     41/49     8.25G   0.05571   0.01668         0   0.07239         7       768         0         0   0.03912   0.01083   0.05624   0.00635         0
     42/49     8.25G    0.0475   0.01231         0   0.05981         1       768         0         0   0.03466    0.0064   0.05592  0.006203         0
     43/49     8.25G    0.0484   0.01338         0   0.06178         3       768         0         0   0.02848  0.005512   0.05551  0.006107         0
     44/49     8.25G   0.04975   0.01532         0   0.06507         6       768         0         0    0.0278  0.006947   0.05528  0.006149         0
     45/49     8.25G   0.04958   0.01567         0   0.06525         6       768         0         0   0.04725   0.01191   0.05356  0.006132         0
     46/49     8.25G   0.04674   0.01547         0   0.06222         6       768         1   0.03226   0.06154  0.008611   0.05184  0.006002         0
     47/49     8.25G   0.04465   0.01555         0    0.0602         5       768         0         0   0.04434   0.00946   0.05183  0.006035         0
     48/49     8.25G   0.05183    0.0133         0   0.06513         2       768         0         0   0.04525   0.01364   0.05396  0.005997         0
     49/49     8.25G   0.04576   0.01744         0    0.0632         5       768         0         0   0.04342  0.008328   0.05397  0.006049         0
