     0/499     5.95G   0.03098  0.002012         0   0.03299         5      1600         1   0.03704    0.2329    0.1173   0.02312  0.001018         0
     1/499     5.95G   0.03077  0.002143         0   0.03291         5      1600         1   0.03704    0.2162    0.1124   0.02299  0.001027         0
     2/499     5.95G   0.03095  0.002102         0   0.03305         6      1600         1   0.03704    0.2128    0.1064   0.02311  0.001045         0
     3/499     5.95G   0.02766  0.002125         0   0.02979         6      1600         1   0.03704    0.1946   0.09403   0.02322  0.001039         0
     4/499     5.95G    0.0316  0.001948         0   0.03354         6      1600         1   0.03704    0.1895   0.08334   0.02325  0.001034         0
     5/499     5.95G   0.02847  0.002272         0   0.03074         3      1600         1   0.03704    0.1901     0.102   0.02285  0.001007         0
     6/499     5.95G   0.02789  0.001992         0   0.02988         3      1600         1   0.03704    0.1893    0.1133   0.02273  0.001014         0
     7/499     5.95G   0.02886  0.001996         0   0.03086         2      1600         1   0.03704    0.2275    0.1143   0.02367 0.0009867         0
     8/499     5.95G    0.0298  0.002072         0   0.03187         3      1600         0         0    0.2139    0.1135     0.023  0.001037         0
     9/499     5.95G   0.02948  0.002257         0   0.03173         8      1600         0         0    0.1254   0.05846   0.02332  0.001019         0
    10/499     5.95G   0.03048  0.001836         0   0.03232         3      1600         0         0    0.1158   0.06209   0.02358  0.001006         0
    11/499     5.95G   0.02878  0.001789         0   0.03056         6      1600         1   0.03704    0.1286   0.07677   0.02527 0.0009869         0
    12/499     5.95G   0.02898   0.00222         0    0.0312         5      1600         0         0    0.1176   0.05536   0.02493 0.0009915         0
    13/499     5.95G   0.03017  0.001989         0   0.03216         6      1600         1   0.03704    0.1424   0.06867   0.02436 0.0009856         0
    14/499     5.95G   0.03262  0.002094         0   0.03471         2      1600         0         0   0.09221   0.03957   0.02407  0.001027         0
    15/499     5.95G   0.02783  0.002251         0   0.03008         6      1600         0         0    0.1076   0.04322   0.02367  0.001048         0
    16/499     5.95G   0.03055  0.002093         0   0.03265         8      1600         0         0   0.07838   0.03241   0.02446  0.001002         0
    17/499     5.95G    0.0292  0.001919         0   0.03111         2      1600         0         0     0.122   0.06583   0.02449 0.0009515         0
    18/499     5.95G   0.03324  0.002008         0   0.03525         7      1600         1   0.03704    0.1242   0.06156   0.02431  0.001004         0
    19/499     5.95G   0.02854  0.002076         0   0.03061         4      1600         0         0    0.1322   0.04865   0.02471  0.001034         0
    20/499     5.95G   0.03325  0.001971         0   0.03522         5      1600         0         0    0.1525   0.07667   0.02546  0.001039         0
    21/499     5.95G   0.02994  0.001974         0   0.03192         4      1600         0         0   0.08235    0.0379   0.02576  0.001039         0
    22/499     5.95G   0.03039  0.002158         0   0.03255         1      1600         0         0   0.05191   0.01779    0.0256  0.001127         0
    23/499     5.95G   0.03523  0.002262         0   0.03749         5      1600         0         0   0.03507   0.01034   0.02632  0.001137         0
    24/499     5.95G   0.03119  0.001912         0    0.0331         4      1600         1   0.03704    0.1072   0.04364   0.02641  0.001113         0
    25/499     5.95G   0.03499  0.001945         0   0.03693         5      1600         1   0.03704   0.07036   0.04052   0.02706  0.001138         0
    26/499     5.95G   0.03079  0.002141         0   0.03293        11      1600         0         0    0.1182   0.06588   0.02755   0.00105         0
    27/499     5.95G   0.03049  0.002156         0   0.03265         2      1600         0         0   0.09669   0.04216   0.02435  0.001096         0
    28/499     5.95G   0.03125  0.002298         0   0.03355         6      1600         0         0   0.07244   0.03329   0.02599   0.00111         0
    29/499     5.95G   0.03114  0.002031         0   0.03318         5      1600         0         0   0.07509   0.03016   0.02471  0.001008         0
    30/499     5.95G   0.02986  0.001919         0   0.03178         7      1600         0         0   0.07262    0.0255   0.02802 0.0009744         0
    31/499     5.95G    0.0346  0.002141         0   0.03674         3      1600         1   0.03704    0.0955   0.03187   0.02557  0.001118         0
    32/499     5.95G   0.03345  0.001999         0   0.03545         9      1600         1   0.03704   0.05185    0.0306   0.02373  0.001241         0
    33/499     5.95G   0.03064  0.001988         0   0.03263         3      1600         0         0   0.02712  0.009789   0.02576  0.001209         0
    34/499     5.95G   0.03328  0.002012         0   0.03529         4      1600         0         0    0.0454   0.01378   0.02641   0.00117         0
    35/499     5.95G    0.0322  0.001828         0   0.03403         3      1600         0         0    0.1071   0.03595   0.02404  0.001038         0
    36/499     5.95G   0.03503  0.002147         0   0.03717         3      1600         1   0.03704    0.1538   0.03425   0.02493  0.001026         0
    37/499     5.95G   0.03479  0.002041         0   0.03683         3      1600         0         0   0.08178   0.03078   0.02367  0.001066         0
    38/499     5.95G   0.03311  0.002133         0   0.03525         7      1600         0         0   0.05278   0.01794    0.0245  0.001115         0
    39/499     5.95G   0.03105  0.002014         0   0.03306         6      1600         0         0   0.05818   0.02492   0.02442   0.00108         0
    40/499     5.95G   0.03212   0.00223         0   0.03435         1      1600         1   0.03704    0.0856   0.03612   0.02861 0.0009773         0
    41/499     5.95G   0.03532  0.002208         0   0.03752         5      1600         0         0   0.04929   0.01235   0.02779  0.001074         0
    42/499     5.95G   0.02893  0.001998         0   0.03093         2      1600         0         0    0.1355   0.04215   0.02504 0.0009595         0
    43/499     5.95G   0.03249  0.001998         0   0.03448         4      1600         0         0    0.1129    0.0403   0.02726  0.001016         0
    44/499     5.95G   0.03284  0.002133         0   0.03498         7      1600         0         0    0.1114   0.04754     0.027  0.001058         0
    45/499     5.95G   0.02941  0.001892         0    0.0313         5      1600         0         0     0.161   0.07217   0.02472  0.001037         0
    46/499     5.95G   0.03323  0.001811         0   0.03504         5      1600         0         0    0.1077   0.04583    0.0262  0.001017         0
    47/499     5.95G   0.03275  0.001919         0   0.03467         5      1600         0         0    0.1218   0.03424   0.02638  0.001046         0
    48/499     5.95G   0.03318  0.002009         0   0.03519         8      1600         0         0   0.05996   0.01888   0.02575  0.001096         0
    49/499     5.95G   0.03173  0.002025         0   0.03376         7      1600         0         0    0.1078   0.03513   0.02549  0.001052         0
    50/499     5.95G    0.0298  0.001752         0   0.03155         2      1600         0         0    0.1438   0.06997   0.02671  0.001007         0
    51/499     5.95G    0.0308  0.002223         0   0.03302         9      1600         0         0    0.1056   0.03851   0.02421  0.001082         0
    52/499     5.95G   0.03111   0.00174         0   0.03285         3      1600         0         0    0.2177    0.1138   0.02331  0.001026         0
    53/499     5.95G   0.02946  0.001948         0   0.03141         5      1600         1   0.03704    0.2257    0.1172   0.02339 0.0009777         0
    54/499     5.95G   0.03142  0.001847         0   0.03327         6      1600         0         0   0.04968   0.02879   0.02423  0.001061         0
    55/499     5.95G   0.02931  0.002078         0   0.03139         6      1600         0         0   0.03924   0.01457   0.02539  0.001038         0
    56/499     5.95G   0.02912  0.001831         0   0.03095         3      1600         0         0    0.1624    0.0683    0.0245 0.0009794         0
    57/499     5.95G    0.0291  0.002296         0   0.03139         2      1600         0         0    0.1563   0.05253   0.02415 0.0009905         0
    58/499     5.95G   0.03064  0.001978         0   0.03262         3      1600         0         0    0.2923   0.09162    0.0237 0.0009806         0
    59/499     5.95G   0.02725  0.001909         0   0.02916         4      1600         0         0    0.2427   0.08277   0.02383 0.0009532         0
    60/499     5.95G   0.02851  0.001978         0   0.03049         5      1600         1   0.03704    0.2415   0.09832   0.02377 0.0009468         0
    61/499     5.95G   0.03024  0.001717         0   0.03196         6      1600         0         0   0.05334   0.02408   0.02477  0.001071         0
    62/499     5.95G   0.02811  0.001987         0    0.0301         4      1600   0.07712  0.005713    0.1126    0.0314   0.02407  0.001089         0
    63/499     5.95G   0.03136  0.002026         0   0.03339         4      1600         0         0    0.2148    0.0875    0.0234   0.00104         0
    64/499     5.95G   0.02696  0.001879         0   0.02884         8      1600         1   0.03704    0.3437    0.1264   0.02304  0.001013         0
    65/499     5.95G      0.03  0.001687         0   0.03168         4      1600    0.3335    0.0247    0.1996   0.07017    0.0245  0.001024         0
    66/499     5.95G   0.03201  0.002009         0   0.03402         4      1600         1   0.03704    0.1643   0.05962   0.02416  0.001123         0
    67/499     5.95G   0.02674  0.002049         0   0.02879         4      1600         1   0.03704    0.1885   0.07013   0.02438  0.001108         0
    68/499     5.95G   0.02731  0.001933         0   0.02924         3      1600         1   0.03704    0.1623   0.07021   0.02469  0.001135         0
    69/499     5.95G   0.03179  0.001885         0   0.03367         1      1600         1   0.03704    0.2293    0.1046    0.0252 0.0009552         0
    70/499     5.95G   0.02975  0.002119         0   0.03187         4      1600         1   0.03704    0.1718    0.0945   0.02345  0.001008         0
    71/499     5.95G   0.02753  0.001866         0    0.0294        10      1600         0         0   0.07426   0.03682   0.02578  0.001076         0
    72/499     5.95G   0.03002  0.002036         0   0.03205         6      1600         0         0   0.07587   0.02865   0.02483  0.001097         0
    73/499     5.95G   0.02963  0.001911         0   0.03154         4      1600         0         0    0.2313   0.09551   0.02327  0.001046         0
    74/499     5.95G   0.02885  0.002127         0   0.03098         9      1600         1   0.03704    0.2837    0.1141   0.02504 0.0009701         0
    75/499     5.95G   0.02852  0.001922         0   0.03045         7      1600         1   0.03704    0.3065    0.1345   0.02821 0.0009635         0
    76/499     5.95G   0.02936  0.001957         0   0.03132         6      1600         0         0     0.196   0.06362   0.02357  0.001027         0
    77/499     5.95G    0.0281  0.001835         0   0.02993         4      1600         0         0    0.0775   0.02858   0.02745  0.001069         0
    78/499     5.95G    0.0289  0.001809         0   0.03071         2      1600         0         0   0.03947   0.01223    0.0269  0.001107         0
    79/499     5.95G   0.03016  0.001993         0   0.03216         5      1600         0         0    0.0558   0.01868   0.02745  0.001065         0
    80/499     5.95G   0.02905  0.002012         0   0.03106         1      1600    0.6424   0.07407    0.1786   0.08228   0.02472  0.001035         0
    81/499     5.95G    0.0237  0.001631         0   0.02533         3      1600    0.4965   0.03704   0.09632   0.05594   0.02387  0.001083         0
    82/499     5.95G   0.02886  0.001929         0   0.03079         3      1600     0.941   0.03704    0.1737   0.07871   0.02352 0.0009942         0
    83/499     5.95G   0.02748  0.002214         0    0.0297         5      1600         0         0    0.2232    0.1093   0.02524 0.0009073         0
    84/499     5.95G   0.03126  0.002142         0    0.0334         4      1600         1   0.03704    0.1784   0.08906   0.02351  0.001092         0
    85/499     5.95G   0.02561  0.001825         0   0.02744         9      1600         1   0.03704    0.2229   0.09672   0.02244  0.001037         0
    86/499     5.95G   0.02859  0.001781         0   0.03037         5      1600    0.8139   0.03704    0.3066    0.1133   0.02504 0.0008991         0
    87/499     5.95G   0.02305  0.001668         0   0.02472         5      1600    0.8649   0.03704     0.265    0.1246   0.02537 0.0008965         0
    88/499     5.95G   0.02866   0.00165         0   0.03031         7      1600         0         0    0.1737   0.09204   0.02422 0.0009455         0
    89/499     5.95G   0.03028  0.002112         0   0.03239         5      1600         0         0   0.05636   0.02634   0.02635  0.001053         0
    90/499     5.95G    0.0259  0.001825         0   0.02772         3      1600    0.1902   0.01409    0.1866   0.08643   0.02635   0.00093         0
    91/499     5.95G   0.02768  0.001775         0   0.02946         8      1600         0         0    0.1634   0.07527   0.02548 0.0009348         0
    92/499     5.95G   0.02477  0.001856         0   0.02663         3      1600         0         0   0.07609   0.03406   0.02796  0.001023         0
    93/499     5.95G   0.02794   0.00176         0    0.0297         4      1600 0.0007614  5.64e-05   0.08599    0.0501   0.02586  0.001072         0
    94/499     5.95G   0.02607  0.001821         0   0.02789         4      1600         0         0    0.0686   0.03902   0.02618   0.00114         0
    95/499     5.95G   0.02539  0.001982         0   0.02737         6      1600    0.5024   0.07407    0.1418   0.07377   0.02392 0.0009678         0
    96/499     5.95G   0.02773  0.002054         0   0.02979         2      1600         1   0.07358    0.3661    0.1299   0.02451 0.0008767         0
    97/499     5.95G   0.02589   0.00166         0   0.02755         3      1600         1   0.05987    0.2847    0.1348    0.0244 0.0008809         0
    98/499     5.95G   0.02764  0.001861         0    0.0295         3      1600     0.551   0.04836    0.2211   0.06957   0.02451 0.0009245         0
    99/499     5.95G   0.02641  0.001834         0   0.02825         6      1600         0         0    0.1564   0.09246   0.02339  0.001024         0
   100/499     5.95G   0.02869  0.001781         0   0.03047         1      1600    0.4789    0.1852    0.2363    0.1444   0.02336  0.001026         0
   101/499     5.95G   0.02718  0.001773         0   0.02895         8      1600    0.7393    0.1064     0.254    0.1538   0.02428 0.0009662         0
   102/499     5.95G    0.0256  0.001685         0   0.02729         6      1600    0.5198   0.07407    0.2489     0.123   0.02362  0.000967         0
   103/499     5.95G   0.02351  0.001693         0   0.02521         6      1600         1   0.06172    0.2242    0.1121   0.02318  0.001003         0
   104/499     5.95G   0.02485  0.001764         0   0.02662         2      1600         1   0.04454    0.2142    0.1103   0.02464 0.0009241         0
   105/499     5.95G   0.02439  0.001939         0   0.02633         5      1600    0.3925   0.03704    0.1751   0.09634    0.0239 0.0009667         0
   106/499     5.95G   0.02382  0.001768         0   0.02559         4      1600         1   0.09476    0.2222    0.1285   0.02652 0.0008898         0
   107/499     5.95G   0.02513  0.001833         0   0.02697         3      1600    0.7006   0.08916    0.2776    0.1206   0.02472 0.0009212         0
   108/499     5.95G   0.02507  0.001667         0   0.02674         8      1600         0         0   0.01902   0.01144   0.02678  0.001278         0
   109/499     5.95G    0.0256  0.001719         0   0.02732         3      1600       0.8   0.07407    0.1963    0.1284   0.02299  0.001014         0
   110/499     5.95G   0.02435  0.001481         0   0.02583         3      1600    0.6042    0.2265    0.2707    0.1167   0.02381  0.001002         0
   111/499     5.95G   0.02601  0.001808         0   0.02781         5      1600     0.566   0.09851    0.2229    0.1274    0.0227 0.0009893         0
   112/499     5.95G   0.02756  0.001855         0   0.02942         3      1600         0         0    0.1345   0.06338   0.02336 0.0009576         0
   113/499     5.95G   0.02375  0.001701         0   0.02545         4      1600         0         0    0.0672   0.03998   0.03314  0.001236         0
   114/499     5.95G   0.02185  0.001744         0   0.02359         6      1600         1   0.07405    0.2581    0.1057   0.02384 0.0009537         0
   115/499     5.95G   0.02704  0.001798         0   0.02884         2      1600    0.5257    0.1244    0.3358    0.1718    0.0238  0.000916         0
   116/499     5.95G   0.02323  0.001597         0   0.02482         6      1600    0.8926    0.3087    0.4278    0.2302   0.02401 0.0008807         0
   117/499     5.95G   0.02519  0.001642         0   0.02683         2      1600         1    0.2076    0.3775     0.198   0.02499 0.0008668         0
   118/499     5.95G   0.02456  0.001656         0   0.02621         1      1600    0.4522    0.1852    0.2852    0.1552   0.02453  0.000964         0
   119/499     5.95G   0.02474  0.001741         0   0.02648         2      1600    0.8941    0.2593    0.4622     0.228   0.02362 0.0008317         0
   120/499     5.95G   0.02502  0.001828         0   0.02685         5      1600         1    0.1077    0.2518    0.1518    0.0245  0.000831         0
   121/499     5.95G   0.02266  0.001632         0    0.0243         3      1600         1    0.1448    0.4115    0.2059   0.02224 0.0009182         0
   122/499     5.95G   0.02369  0.001747         0   0.02544         3      1600    0.8537    0.1111    0.2356    0.1299     0.023 0.0009663         0
   123/499     5.95G   0.02248  0.001749         0   0.02423         7      1600         1   0.07255    0.2375    0.1382   0.02394  0.001025         0
   124/499     5.95G   0.02372  0.001938         0   0.02566         9      1600    0.6978   0.08792    0.2296     0.153   0.02321  0.001048         0
   125/499     5.95G   0.02523  0.001715         0   0.02694         1      1600    0.9003    0.1852    0.3228     0.174   0.02279 0.0009545         0
   126/499     5.95G   0.02541  0.001858         0   0.02726         2      1600    0.5422   0.07407    0.1192   0.05777   0.02617  0.001074         0
   127/499     5.95G   0.02491  0.001742         0   0.02665         4      1600    0.5981    0.1852    0.2819    0.1492   0.02441 0.0009997         0
   128/499     5.95G   0.02289  0.001822         0   0.02471         9      1600    0.7117   0.03704    0.1344   0.07582   0.02797 0.0009465         0
   129/499     5.95G   0.02487    0.0016         0   0.02647         7      1600    0.5447    0.1852    0.3031    0.1604   0.02445 0.0009242         0
   130/499     5.95G   0.02674  0.001658         0    0.0284         3      1600    0.3448   0.03704    0.1354    0.0773   0.02384  0.001071         0
   131/499     5.95G    0.0223  0.001732         0   0.02403         2      1600    0.7017    0.1111    0.2082   0.07394   0.02452  0.001009         0
   132/499     5.95G   0.02426  0.002052         0   0.02632         3      1600    0.2655   0.03704    0.1877   0.09502   0.02397 0.0009534         0
   133/499     5.95G   0.02038  0.001418         0   0.02179         1      1600         0         0    0.1228   0.07187   0.02458  0.001057         0
   134/499     5.95G   0.02463  0.001669         0    0.0263         7      1600    0.3301    0.2222    0.2353    0.1258   0.02233  0.001002         0
   135/499     5.95G    0.0225  0.001487         0   0.02398         5      1600    0.5053    0.2222      0.35    0.1944   0.02278 0.0008804         0
   136/499     5.95G   0.02025  0.001485         0   0.02174         0      1600         1    0.2259    0.4043    0.2062   0.02215 0.0009079         0
   137/499     5.95G   0.02342  0.001697         0   0.02512         9      1600         1   0.09951     0.322    0.1653   0.02229 0.0009945         0
   138/499     5.95G   0.02442  0.001907         0   0.02633         7      1600    0.6809   0.08041    0.2178    0.1245   0.02491  0.001023         0
   139/499     5.95G   0.02236  0.001448         0   0.02381         8      1600         0         0   0.03336   0.01071   0.02678   0.00121         0
   140/499     5.95G   0.02404   0.00149         0   0.02553         6      1600    0.8473   0.07407    0.3006    0.1347   0.02326 0.0009635         0
   141/499     5.95G   0.02703  0.001822         0   0.02885         7      1600    0.8647    0.2379    0.4765    0.2034   0.02292 0.0009112         0
   142/499     5.95G   0.02482  0.001731         0   0.02655         3      1600    0.6947    0.3333    0.4588      0.17   0.02375 0.0009207         0
   143/499     5.95G   0.02259  0.001609         0    0.0242         2      1600    0.5502    0.3333    0.2934    0.1488   0.02435 0.0009033         0
   144/499     5.95G   0.02107  0.001464         0   0.02254         3      1600    0.4194    0.2222    0.2689    0.1272   0.02355 0.0008943         0
   145/499     5.95G   0.02158  0.001611         0   0.02319         2      1600    0.4831    0.2085     0.304    0.1488   0.02391  0.000912         0
