     0/399     8.22G   0.09216     3.737         0     3.829         5       768         0         0         0         0   0.07601     2.862         0
     1/399     8.25G    0.1097     1.434         0     1.543         5       768  0.001886    0.4839  0.003652 0.0006335   0.07095    0.1514         0
     2/399     8.25G    0.1035   0.07823         0    0.1817         4       768         0         0  0.001981 0.0003181   0.07608   0.02891         0
     3/399     8.25G   0.07134    0.0277         0   0.09903         2       768         0         0  0.003363  0.000692   0.07493   0.01735         0
     4/399     8.25G    0.1042   0.02068         0    0.1249         3       768         0         0  0.003694 0.0006981   0.06546   0.01449         0
     5/399     8.25G   0.06644   0.01671         0   0.08315         3       768         0         0  0.008126  0.001225    0.0596   0.01254         0
     6/399     8.25G   0.07229   0.01589         0   0.08818         4       768         0         0   0.01127  0.002394   0.05258   0.01151         0
     7/399     8.25G   0.08735   0.01678         0    0.1041         5       768         0         0   0.01759  0.003397   0.05154   0.01096         0
     8/399     8.25G   0.06251   0.01545         0   0.07796         3       768         0         0   0.01383  0.002578   0.04642   0.01031         0
     9/399     8.25G   0.06138    0.0144         0   0.07577         2       768         0         0  0.009206  0.001972   0.04722  0.009806         0
    10/399     8.25G    0.0636   0.01421         0   0.07781         4       768         0         0  0.007011  0.001535   0.04426  0.009623         0
    11/399     8.25G   0.07178   0.01458         0   0.08636         3       768         0         0  0.006973  0.001337   0.04615  0.008698         0
    12/399     8.25G   0.07364   0.01492         0   0.08856         3       768         0         0  0.006916  0.001381   0.04769  0.008297         0
    13/399     8.25G   0.05538   0.01551         0   0.07089         4       768         0         0  0.006238  0.001548    0.0488   0.00816         0
    14/399     8.25G   0.06172   0.01622         0   0.07795         4       768         0         0  0.006205  0.001393   0.04742  0.008378         0
    15/399     8.25G   0.06032   0.01412         0   0.07443         4       768         0         0  0.006465  0.001166   0.04829  0.007864         0
    16/399     8.25G   0.06562   0.01325         0   0.07887         3       768         0         0   0.01114  0.002124   0.04732   0.00787         0
    17/399     8.25G   0.05445   0.01365         0    0.0681         3       768         0         0   0.02203  0.007258   0.04499  0.007682         0
    18/399     8.25G   0.05832   0.01469         0   0.07301         3       768         0         0   0.01678  0.004069   0.04508  0.007494         0
    19/399     8.25G   0.06377   0.01664         0   0.08041         6       768         0         0   0.01091   0.00175   0.04908   0.00727         0
    20/399     8.25G   0.05084   0.01367         0   0.06451         2       768         0         0  0.009591  0.002406   0.04584  0.007208         0
    21/399     8.25G    0.0604   0.01504         0   0.07544         6       768         0         0   0.01594   0.00338    0.0461  0.007118         0
    22/399     8.25G   0.05237   0.01379         0   0.06616         5       768         0         0   0.01456  0.002719   0.04662  0.006858         0
    23/399     8.25G   0.05099   0.01411         0   0.06511         3       768         0         0   0.01558  0.002526   0.04867  0.006866         0
    24/399     8.25G   0.06209   0.01514         0   0.07723         3       768         0         0   0.01219  0.002369   0.04887  0.006877         0
    25/399     8.25G    0.0604   0.01576         0   0.07616         7       768         0         0  0.009887  0.001817   0.04609  0.007697         0
    26/399     8.25G   0.05046   0.01487         0   0.06534         3       768         0         0  0.008796  0.002251   0.05627  0.006895         0
    27/399     8.25G   0.05441   0.01417         0   0.06858         3       768         0         0   0.01065   0.00202   0.05737  0.006974         0
    28/399     8.25G   0.05527   0.01486         0   0.07013         3       768         0         0   0.01668  0.003448   0.05975  0.006787         0
    29/399     8.25G   0.04989   0.01416         0   0.06405         2       768         0         0   0.02102  0.004809   0.05121   0.00679         0
    30/399     8.25G   0.04891   0.01368         0   0.06258         3       768         0         0   0.01179  0.002216   0.05444  0.006523         0
    31/399     8.25G   0.06462   0.01468         0    0.0793         5       768         1   0.03226   0.04925  0.009505   0.05518  0.006574         0
    32/399     8.25G   0.06115   0.01612         0   0.07727         5       768         0         0   0.01952   0.00455   0.05458  0.006457         0
    33/399     8.25G   0.05513   0.01653         0   0.07166         3       768         0         0   0.01078  0.002126   0.05528  0.006226         0
    34/399     8.25G   0.05692   0.01293         0   0.06985         2       768         0         0   0.01592  0.004094   0.05619   0.00642         0
    35/399     8.25G   0.04696   0.01645         0   0.06341         4       768         0         0   0.01725  0.003948   0.05429  0.006353         0
    36/399     8.25G   0.05953   0.01477         0    0.0743         5       768         0         0   0.01693  0.004017   0.05818  0.006114         0
    37/399     8.25G   0.05419   0.01292         0   0.06711         2       768         0         0   0.01865  0.003155   0.05639  0.006198         0
    38/399     8.25G    0.0551   0.01418         0   0.06928         3       768         0         0   0.01825  0.003377   0.05593  0.006397         0
    39/399     8.25G   0.05432   0.01704         0   0.07135         6       768         0         0   0.02169  0.003575   0.05213  0.006506         0
    40/399     8.25G   0.04681   0.01603         0   0.06283         6       768         0         0   0.02338  0.004821    0.0527   0.00645         0
    41/399     8.25G   0.05348   0.01743         0   0.07091         7       768         0         0   0.02839  0.006324   0.05681  0.006375         0
    42/399     8.25G   0.04842   0.01223         0   0.06065         1       768         0         0   0.04292  0.008652    0.0553  0.006171         0
    43/399     8.25G   0.05096   0.01317         0   0.06413         3       768         0         0   0.03703  0.006408   0.05683  0.006098         0
    44/399     8.25G   0.04855   0.01529         0   0.06383         6       768         0         0   0.01677  0.003823   0.05525  0.006109         0
    45/399     8.25G   0.04658   0.01611         0   0.06268         6       768         0         0   0.01938  0.003278   0.05551  0.006079         0
    46/399     8.25G    0.0429   0.01606         0   0.05897         6       768         0         0   0.02165  0.005562   0.05705  0.005999         0
    47/399     8.25G   0.04123   0.01606         0   0.05729         5       768         0         0   0.02603  0.005586   0.05525  0.006051         0
    48/399     8.25G   0.04815    0.0138         0   0.06195         2       768         0         0   0.02672  0.004869   0.05541  0.006228         0
    49/399     8.25G   0.04228   0.01779         0   0.06007         5       768         1   0.03226   0.05447   0.00738   0.05422  0.006217         0
    50/399     8.25G   0.03691   0.01299         0    0.0499         2       768         0         0   0.02595  0.005838    0.0539  0.006167         0
    51/399     8.25G   0.05062   0.01573         0   0.06635         3       768         0         0   0.02922  0.008055   0.05005  0.006086         0
    52/399     8.25G   0.03927   0.01712         0   0.05639         6       768         0         0   0.02869  0.005762    0.0513  0.005962         0
    53/399     8.25G   0.04105   0.01338         0   0.05443         2       768         1   0.03226    0.0662  0.009176   0.05209   0.00584         0
    54/399     8.25G   0.04996   0.01589         0   0.06585         3       768         0         0   0.03019  0.005815   0.05538  0.005636         0
    55/399     8.25G   0.04785   0.01432         0   0.06217         3       768         0         0   0.02462  0.005572   0.05667  0.005548         0
    56/399     8.25G   0.05161    0.0142         0   0.06582         1       768         0         0   0.01756  0.003887   0.05147  0.006023         0
    57/399     8.25G   0.04236   0.01561         0   0.05797         3       768         0         0   0.01486  0.002901   0.05227  0.005607         0
    58/399     8.25G   0.05381   0.01667         0   0.07049         5       768         0         0    0.0151  0.003175   0.05382  0.005542         0
    59/399     8.25G    0.0412   0.01388         0   0.05508         2       768         0         0   0.01444  0.002836   0.05586  0.005334         0
    60/399     8.25G    0.0535   0.01769         0   0.07119         6       768         0         0   0.01371  0.002665   0.05653  0.005313         0
    61/399     8.25G   0.04199   0.01636         0   0.05835         5       768         0         0   0.01553  0.003545   0.05387  0.005474         0
    62/399     8.25G   0.04434   0.01607         0    0.0604         6       768         0         0   0.02624  0.005284   0.05433  0.005618         0
    63/399     8.25G   0.04836   0.01497         0   0.06332         4       768         0         0   0.03142  0.006006   0.05318  0.006158         0
    64/399     8.25G    0.0417   0.01587         0   0.05756         6       768         0         0   0.04316   0.00758   0.05775  0.005943         0
    65/399     8.25G   0.05622   0.01732         0   0.07354         5       768         0         0   0.03363  0.006498   0.05627   0.00582         0
    66/399     8.25G   0.05864     0.019         0   0.07764         7       768         0         0   0.03015  0.005764    0.0606  0.005478         0
    67/399     8.25G   0.04772   0.01809         0   0.06581         6       768         0         0    0.0389  0.008331   0.05839  0.005449         0
    68/399     8.25G   0.04527   0.01481         0   0.06008         3       768         0         0   0.04117  0.009995   0.05655  0.005416         0
    69/399     8.25G   0.03849     0.018         0   0.05649         5       768         0         0   0.04027  0.009337   0.05603  0.005425         0
    70/399     8.25G   0.05285   0.01682         0   0.06968         5       768         0         0   0.01677  0.003517   0.05892  0.005401         0
    71/399     8.25G   0.03854   0.01712         0   0.05567         5       768         0         0   0.01518  0.003713    0.0571  0.005357         0
    72/399     8.25G   0.04589   0.01457         0   0.06046         2       768         0         0   0.01989  0.004294   0.05881  0.005228         0
    73/399     8.25G   0.04577   0.01631         0   0.06207         8       768         0         0   0.03046  0.007405   0.05829  0.005313         0
    74/399     8.25G    0.0462    0.0155         0    0.0617         3       768         0         0   0.02714  0.007592   0.05584  0.005471         0
    75/399     8.25G   0.04787   0.01663         0    0.0645         5       768         0         0   0.04308  0.008538   0.05507   0.00571         0
    76/399     8.25G    0.0399   0.01484         0   0.05474         2       768         0         0   0.03839  0.007986   0.05456  0.005618         0
    77/399     8.25G   0.05054   0.01732         0   0.06786         6       768         0         0    0.0291  0.007267   0.05637  0.005358         0
    78/399     8.25G   0.04974   0.01756         0    0.0673         7       768         0         0   0.03508   0.00728   0.05801  0.005387         0
    79/399     8.25G   0.03853   0.01776         0   0.05629         6       768         0         0   0.03455  0.008707   0.05846  0.005094         0
    80/399     8.25G   0.04147   0.01605         0   0.05753         5       768         0         0   0.03286  0.008703   0.05895  0.004996         0
    81/399     8.25G   0.04292   0.01515         0   0.05807         3       768         0         0   0.03251  0.007981   0.05791  0.005034         0
    82/399     8.25G   0.04779    0.0165         0   0.06429         6       768         0         0   0.03843  0.007597   0.05574  0.005027         0
    83/399     8.25G    0.0462   0.01517         0   0.06137         2       768         0         0   0.03227  0.007115   0.05799  0.005125         0
    84/399     8.25G   0.05075    0.0172         0   0.06795         7       768         0         0   0.03139   0.00786   0.05883  0.005045         0
    85/399     8.25G    0.0438   0.01669         0   0.06049         5       768         0         0   0.04149  0.008898   0.05688  0.005229         0
    86/399     8.25G   0.03384   0.01442         0   0.04826         5       768         0         0   0.03718  0.008852   0.05826  0.005165         0
    87/399     8.25G   0.03996   0.01671         0   0.05668         7       768         0         0   0.04066  0.009517   0.06172  0.004903         0
    88/399     8.25G   0.05262   0.01878         0    0.0714         7       768         0         0   0.03697  0.007614   0.05841  0.005159         0
    89/399     8.25G   0.04236   0.01455         0   0.05691         4       768         0         0   0.03904  0.008345   0.05828  0.005297         0
    90/399     8.25G   0.05392   0.01836         0   0.07227         8       768         0         0   0.02673  0.006553   0.05986  0.005299         0
    91/399     8.25G   0.03981   0.01352         0   0.05333         2       768         0         0     0.018   0.00536   0.05745  0.005279         0
    92/399     8.25G   0.03549   0.01353         0   0.04902         2       768         0         0   0.01649  0.003224   0.05594  0.005644         0
    93/399     8.25G   0.02986   0.01506         0   0.04492         5       768         0         0    0.0121  0.002848   0.05786   0.00556         0
    94/399     8.25G   0.03751   0.01446         0   0.05197         3       768         0         0   0.01663  0.003233   0.05466  0.005399         0
    95/399     8.25G   0.04366   0.01481         0   0.05847         2       768         0         0   0.02035  0.005261   0.06209  0.005099         0
    96/399     8.25G   0.04277   0.01604         0    0.0588         5       768         0         0   0.01791  0.004474   0.06013  0.005177         0
    97/399     8.25G    0.0417   0.01772         0   0.05942         5       768         0         0   0.01265   0.00335   0.06031  0.005111         0
    98/399     8.25G   0.04726   0.01489         0   0.06215         3       768         0         0   0.01201  0.002925   0.05823  0.005565         0
    99/399     8.25G     0.046   0.01555         0   0.06155         5       768         0         0   0.01248  0.003069   0.05744  0.005665         0
   100/399     8.25G   0.04222   0.01766         0   0.05988         6       768         0         0   0.01484  0.002938    0.0639  0.005858         0
   101/399     8.25G    0.0446   0.01808         0   0.06268         7       768         0         0  0.007817  0.001357   0.06448  0.006298         0
   102/399     8.25G   0.04732   0.01683         0   0.06414         5       768         0         0  0.005689  0.001117   0.06428  0.006344         0
   103/399     8.25G   0.04263   0.01569         0   0.05832         4       768         0         0   0.05271   0.01032   0.05564  0.005964         0
   104/399     8.25G    0.0502   0.01594         0   0.06614         4       768         1   0.03226   0.05616   0.01765   0.05726  0.005996         0
   105/399     8.25G   0.04225   0.01625         0    0.0585         4       768         0         0  0.008345  0.001384   0.05879  0.005896         0
   106/399     8.25G   0.04635   0.01558         0   0.06193         3       768         0         0  0.009038  0.002455   0.05785  0.006264         0
   107/399     8.25G   0.04508   0.01467         0   0.05974         3       768         0         0   0.01309  0.003084   0.06216  0.005913         0
   108/399     8.25G   0.03487   0.01579         0   0.05066         4       768         0         0   0.04336  0.009629   0.05705  0.005822         0
   109/399     8.25G   0.04961   0.01506         0   0.06467         3       768         0         0   0.06314   0.01576   0.05679  0.005724         0
   110/399     8.25G     0.045   0.01757         0   0.06257         5       768         0         0   0.04247   0.01154    0.0573  0.005675         0
   111/399     8.25G   0.04463   0.01743         0   0.06205         6       768         0         0   0.03516   0.01053   0.05807  0.005491         0
   112/399     8.25G   0.03562   0.01594         0   0.05156         6       768         0         0    0.0739    0.0235   0.05913  0.005429         0
   113/399     8.25G   0.04857   0.01535         0   0.06392         3       768         0         0    0.1029    0.0288   0.05786  0.005458         0
   114/399     8.25G   0.04058   0.01294         0   0.05352         1       768         0         0   0.05437   0.01361   0.06025  0.005288         0
   115/399     8.25G   0.04355   0.01602         0   0.05957         6       768         1   0.03226   0.09161   0.03087   0.05891  0.005249         0
   116/399     8.25G   0.04086   0.01466         0   0.05552         4       768         0         0   0.09862   0.02447   0.05921  0.005206         0
   117/399     8.25G   0.03979   0.01443         0   0.05422         3       768         0         0     0.149   0.03407   0.05838  0.005298         0
   118/399     8.25G   0.04189   0.01563         0   0.05752         6       768         0         0   0.08245   0.02476   0.05527  0.005297         0
   119/399     8.25G   0.04248   0.01553         0   0.05801         5       768         0         0   0.02528  0.007898   0.05657  0.005317         0
   120/399     8.25G   0.03735   0.01329         0   0.05064         3       768         1   0.03226    0.1298   0.04153   0.05531  0.005394         0
   121/399     8.25G   0.04963    0.0171         0   0.06673         6       768         0         0    0.1461   0.02873   0.05256  0.005767         0
   122/399     8.25G   0.04132    0.0143         0   0.05561         4       768         0         0     0.153   0.03737   0.05078  0.005725         0
   123/399     8.25G   0.04757   0.01649         0   0.06406         4       768         0         0   0.05526   0.01043   0.05452  0.005401         0
   124/399     8.25G   0.04575   0.01547         0   0.06123         5       768         0         0   0.04228  0.009442   0.05688  0.005314         0
   125/399     8.25G   0.03891   0.01459         0    0.0535         2       768         0         0   0.05951   0.01117   0.05909  0.005678         0
   126/399     8.25G   0.04753   0.01659         0   0.06412         5       768         0         0    0.1605   0.04033     0.057  0.005529         0
   127/399     8.25G    0.0469   0.01643         0   0.06333         3       768         0         0    0.1828   0.06902   0.05864  0.005323         0
   128/399     8.25G   0.05087   0.01401         0   0.06488         2       768         0         0     0.141   0.04842   0.05746  0.005407         0
   129/399     8.25G   0.04828   0.01464         0   0.06292         2       768         0         0     0.104   0.03138   0.05611  0.005823         0
   130/399     8.25G   0.03919   0.01585         0   0.05503         4       768         0         0   0.07881   0.02463   0.05101  0.006063         0
   131/399     8.25G   0.04417   0.01562         0   0.05979         3       768         0         0   0.05149   0.01055   0.05658  0.005736         0
   132/399     8.25G   0.03666   0.01365         0   0.05032         3       768         0         0   0.03917   0.01014   0.05546  0.005366         0
   133/399     8.25G   0.04553   0.01388         0   0.05942         2       768         0         0   0.04583   0.01087   0.05448  0.005422         0
   134/399     8.25G    0.0559   0.01673         0   0.07263         5       768         0         0   0.03734  0.008266   0.05582  0.005479         0
   135/399     8.25G   0.03999   0.01384         0   0.05384         4       768         0         0    0.0312  0.007126   0.05806  0.005202         0
   136/399     8.25G   0.03955   0.01708         0   0.05663         5       768         0         0   0.05543   0.01355   0.05674  0.005047         0
   137/399     8.25G    0.0341   0.01618         0   0.05028         3       768         0         0    0.0668   0.01804   0.05665  0.005015         0
   138/399     8.25G   0.05271   0.01677         0   0.06948         6       768         1   0.03226   0.09758   0.02735   0.05327  0.005287         0
   139/399     8.25G     0.045   0.01418         0   0.05918         2       768         0         0   0.02624  0.007123    0.0563  0.005363         0
   140/399     8.25G   0.03846   0.01341         0   0.05187         2       768         0         0   0.02388   0.00482   0.05703  0.005437         0
   141/399     8.25G    0.0418   0.01723         0   0.05903         5       768         0         0   0.01542   0.00397   0.05836  0.005311         0
   142/399     8.25G   0.04482   0.01564         0   0.06046         3       768         0         0   0.02663  0.006655   0.05844  0.005191         0
   143/399     8.25G   0.04894    0.0149         0   0.06383         4       768         0         0   0.01803  0.004538   0.05844  0.005053         0
   144/399     8.25G   0.04909   0.01562         0   0.06471         5       768         0         0   0.02645  0.009799   0.05864  0.005039         0
   145/399     8.25G   0.04877   0.01634         0   0.06511         5       768         0         0   0.02251  0.007148   0.05858  0.005113         0
   146/399     8.25G   0.03944   0.01383         0   0.05327         5       768         0         0    0.0257  0.008149   0.05896  0.005245         0
   147/399     8.25G   0.04691   0.01787         0   0.06478         7       768         0         0   0.02861   0.00739   0.06232  0.005151         0
   148/399     8.25G   0.04104   0.01783         0   0.05887         6       768         0         0   0.03035  0.007672   0.06074  0.005166         0
   149/399     8.25G   0.04359   0.01448         0   0.05807         4       768         0         0   0.05309   0.01787   0.05616   0.00525         0
   150/399     8.25G   0.03962   0.01338         0   0.05299         2       768         1   0.03226    0.0828   0.03556   0.05471  0.005394         0
   151/399     8.25G   0.03758   0.01308         0   0.05066         2       768         0         0   0.07672    0.0201   0.05438  0.005473         0
   152/399     8.25G   0.04692   0.01666         0   0.06359         6       768         0         0   0.08178   0.01944   0.05537  0.005646         0
   153/399     8.25G   0.03662   0.01501         0   0.05162         4       768         0         0   0.06924    0.0147   0.05697  0.005651         0
   154/399     8.25G   0.03697    0.0145         0   0.05148         3       768         0         0    0.0571   0.01324    0.0574   0.00572         0
   155/399     8.25G   0.03906    0.0169         0   0.05596         6       768         0         0   0.07247   0.01533   0.05799  0.005911         0
   156/399     8.25G   0.04976   0.01687         0   0.06663         6       768         0         0    0.1074   0.02508   0.05643  0.005888         0
   157/399     8.25G   0.04328   0.01729         0   0.06057         6       768    0.1948   0.01885   0.08516   0.02748    0.0572  0.005932         0
   158/399     8.25G   0.03609     0.017         0   0.05309         9       768         0         0    0.1152   0.02907    0.0554   0.00559         0
   159/399     8.25G   0.03409   0.01349         0   0.04757         1       768         1   0.03226    0.1197   0.04032   0.05598  0.005598         0
   160/399     8.25G   0.04061   0.01465         0   0.05526         4       768         0         0   0.05092    0.0171    0.0595  0.005345         0
   161/399     8.25G   0.04181   0.01602         0   0.05783         5       768         0         0    0.1171   0.05048   0.05805  0.005368         0
   162/399     8.25G   0.04778   0.01593         0   0.06371         6       768         0         0    0.1387   0.04983   0.05814  0.005475         0
   163/399     8.25G   0.03874   0.01432         0   0.05306         3       768         0         0   0.06476   0.01546   0.06098  0.005538         0
   164/399     8.25G   0.03844   0.01464         0   0.05308         3       768         0         0   0.07271    0.0145   0.06063  0.005641         0
   165/399     8.25G   0.03747    0.0151         0   0.05258         2       768         0         0   0.07715   0.02114   0.06058  0.005865         0
   166/399     8.25G   0.04918   0.01419         0   0.06337         6       768         1   0.03226   0.08698   0.01507   0.06127  0.005492         0
   167/399     8.25G    0.0424   0.01541         0   0.05782         3       768         0         0    0.0667   0.01703   0.06121  0.005712         0
   168/399     8.25G   0.03925    0.0151         0   0.05435         5       768         1   0.03226   0.09702   0.03659   0.05743  0.005047         0
   169/399     8.25G    0.0523   0.01635         0   0.06865         5       768         1   0.03226   0.09195    0.0378   0.06246  0.004993         0
   170/399     8.25G   0.03408    0.0171         0   0.05118         6       768         1   0.03226    0.1015   0.03911   0.06269  0.005003         0
   171/399     8.25G    0.0398   0.01511         0   0.05491         3       768         1   0.03226    0.1004   0.03244    0.0605  0.005004         0
   172/399     8.25G   0.03479   0.01486         0   0.04964         5       768         0         0   0.09549   0.02696    0.0591  0.004967         0
   173/399     8.25G   0.03888   0.01399         0   0.05287         2       768         0         0    0.1035   0.03517   0.05831  0.004944         0
   174/399     8.25G   0.04088   0.01362         0    0.0545         2       768         1   0.03226    0.1419   0.04569   0.05555  0.005137         0
   175/399     8.25G   0.04556   0.01483         0   0.06039         2       768         1   0.04278    0.1895   0.06095   0.05471  0.005641         0
   176/399     8.25G   0.02897   0.01402         0   0.04299         3       768         1    0.0574    0.1905   0.06672   0.05548  0.005806         0
   177/399     8.25G   0.03644   0.01558         0   0.05202         5       768    0.6572   0.03226    0.1601    0.0566   0.05359  0.005414         0
   178/399     8.25G   0.04618   0.01469         0   0.06087         3       768         0         0    0.1161   0.03938   0.05549  0.005144         0
   179/399     8.25G   0.04343   0.01699         0   0.06041         7       768         0         0    0.0944   0.03907   0.05855  0.005219         0
   180/399     8.25G   0.04318   0.01672         0    0.0599         7       768         1   0.03226     0.103   0.02417   0.05496  0.005334         0
   181/399     8.25G   0.03679   0.01534         0   0.05213         4       768         1   0.03226    0.1051   0.03829   0.05722  0.005313         0
   182/399     8.25G   0.03298   0.01313         0   0.04612         1       768         1   0.03226   0.08211   0.02912   0.06034  0.005331         0
   183/399     8.25G   0.03646   0.01368         0   0.05014         2       768         1   0.03226   0.08835   0.02665   0.06121  0.005183         0
   184/399     8.25G   0.04086   0.01663         0   0.05749         6       768         1   0.03226   0.08453   0.03146   0.06182  0.005095         0
   185/399     8.25G   0.03211   0.01361         0   0.04572         2       768         1   0.03226   0.09221   0.03028   0.06187  0.004998         0
   186/399     8.25G   0.03481   0.01485         0   0.04966         5       768         1   0.03226    0.1101   0.03659   0.06023  0.004973         0
   187/399     8.25G   0.04423   0.01958         0   0.06381         7       768         1   0.03226    0.1238   0.04579   0.05826  0.005022         0
   188/399     8.25G    0.0412    0.0142         0    0.0554         2       768         1   0.03226     0.175   0.05328    0.0545  0.005162         0
   189/399     8.25G   0.03298   0.01547         0   0.04844         6       768         1   0.07133     0.163   0.05521   0.05398   0.00531         0
   190/399     8.25G   0.03944   0.01429         0   0.05373         3       768         1   0.08981    0.1384   0.03992   0.05527   0.00555         0
   191/399     8.25G   0.04502   0.01769         0   0.06271         7       768    0.3873    0.1613    0.1837   0.05356   0.05384  0.005479         0
   192/399     8.25G   0.04259   0.01356         0   0.05614         3       768    0.3427     0.129    0.1651   0.05564   0.05398  0.005588         0
   193/399     8.25G   0.03771   0.01458         0   0.05229         5       768    0.6094     0.129    0.1925   0.06873   0.05422  0.005342         0
   194/399     8.25G   0.03557   0.01586         0   0.05144         3       768    0.6736   0.03226    0.1301   0.03217   0.05546  0.005383         0
   195/399     8.25G   0.04053   0.01496         0   0.05549         6       768         1   0.03226   0.08241    0.0274   0.05544  0.005525         0
   196/399     8.25G   0.03497   0.01792         0   0.05289         7       768         1   0.03226   0.07411   0.02702   0.05534  0.005527         0
   197/399     8.25G   0.03305   0.01418         0   0.04723         4       768         1   0.03226   0.08859   0.03223   0.05594  0.005476         0
   198/399     8.25G   0.03596    0.0142         0   0.05016         2       768         1   0.03226    0.1006   0.02994   0.05723  0.005201         0
   199/399     8.25G   0.03871   0.01376         0   0.05247         2       768         1   0.06979    0.1848   0.07438   0.06003  0.005054         0
   200/399     8.25G   0.03566   0.01414         0   0.04979         3       768    0.9423   0.06452     0.155   0.06745   0.06053  0.005256         0
   201/399     8.25G   0.02947   0.01233         0    0.0418         1       768    0.8463   0.06452    0.1499   0.05793   0.05913  0.005285         0
   202/399     8.25G   0.02966   0.01487         0   0.04453         5       768    0.9982   0.06452    0.1411   0.05147   0.05604  0.005202         0
   203/399     8.25G   0.03139   0.01514         0   0.04654         5       768         0         0   0.02627  0.006978    0.0571  0.005114         0
   204/399     8.25G   0.03435   0.01555         0    0.0499         4       768         0         0   0.03257   0.01013   0.05458  0.005218         0
   205/399     8.25G    0.0409   0.01383         0   0.05473         4       768    0.6904   0.06452    0.1929   0.06121   0.05321  0.005128         0
   206/399     8.25G   0.03474   0.01639         0   0.05113         5       768     0.675   0.03226    0.1952   0.06367   0.05785   0.00558         0
   207/399     8.25G   0.04217    0.0152         0   0.05737         7       768         1   0.03226    0.1491   0.04987   0.05789  0.005391         0
   208/399     8.25G   0.03733   0.01562         0   0.05296         3       768    0.9132   0.06452    0.1893   0.08378   0.05501  0.004789         0
   209/399     8.25G   0.02943   0.01338         0   0.04281         2       768         0         0   0.05913   0.02168   0.05593  0.005008         0
   210/399     8.25G   0.04646   0.01469         0   0.06115         3       768         0         0   0.05239   0.02046   0.05596  0.005023         0
   211/399     8.25G   0.03584   0.01413         0   0.04997         4       768         0         0   0.09405   0.03931   0.05602  0.004807         0
   212/399     8.25G   0.03638   0.01778         0   0.05416         6       768    0.3314   0.03226    0.1895   0.06029   0.05503  0.004995         0
   213/399     8.25G   0.04365   0.01309         0   0.05674         4       768         0         0   0.09446    0.0283   0.05959   0.00536         0
   214/399     8.25G    0.0333   0.01383         0   0.04713         2       768         0         0   0.06795   0.01645   0.06026  0.005281         0
   215/399     8.25G   0.03595    0.0144         0   0.05035         3       768         0         0   0.09204   0.01998      0.06  0.005163         0
   216/399     8.25G   0.03743   0.01515         0   0.05257         5       768         0         0   0.05925   0.01259   0.06092  0.005037         0
   217/399     8.25G   0.03641   0.01567         0   0.05209         5       768         1   0.03226    0.1904    0.0643    0.0569  0.005092         0
   218/399     8.25G   0.04429   0.01631         0    0.0606         7       768    0.1956   0.03226   0.06011   0.02766   0.05182  0.005483         0
   219/399     8.25G   0.03866    0.0133         0   0.05196         2       768    0.2297   0.06452   0.05182   0.02149   0.05418  0.005484         0
   220/399     8.25G   0.03513    0.0145         0   0.04963         6       768    0.1972   0.03181   0.06821   0.02941   0.05452  0.005348         0
   221/399     8.25G   0.03604   0.01445         0   0.05048         4       768    0.5332   0.03868    0.1452    0.0482   0.05432  0.005182         0
   222/399     8.25G   0.02911   0.01353         0   0.04264         2       768    0.8527   0.06452    0.1959   0.07806   0.05491  0.005273         0
   223/399     8.25G    0.0267   0.01376         0   0.04046         3       768         1   0.08503    0.2355   0.08071   0.05688  0.005304         0
   224/399     8.25G   0.03872     0.014         0   0.05271         3       768         1   0.08318    0.1791   0.07249    0.0561  0.005494         0
   225/399     8.25G   0.03378   0.01486         0   0.04864         6       768         1   0.06442    0.1815   0.05856   0.05623  0.005189         0
   226/399     8.25G   0.03346   0.01509         0   0.04855         4       768    0.7962   0.09677    0.2313   0.07928   0.05467  0.005356         0
   227/399     8.25G   0.04119   0.01428         0   0.05547         3       768    0.7557    0.1004    0.2415   0.08394    0.0548  0.005537         0
   228/399     8.25G   0.03641    0.0137         0   0.05011         4       768    0.5057   0.09677    0.1929   0.08246   0.05425  0.005405         0
   229/399     8.25G   0.02913   0.01286         0   0.04199         4       768    0.4988   0.09677    0.1661   0.06619   0.05428  0.005365         0
   230/399     8.25G   0.04654   0.01354         0   0.06008         4       768    0.4478     0.129    0.2114   0.06533    0.0566  0.005429         0
   231/399     8.25G   0.04135    0.0136         0   0.05495         5       768         1   0.03226    0.1635   0.06339   0.06038  0.005786         0
   232/399     8.25G    0.0297   0.01424         0   0.04394         4       768         1   0.05856    0.2668   0.09162   0.06007  0.005506         0
   233/399     8.25G   0.02587   0.01438         0   0.04024         4       768    0.4016    0.1091    0.1838   0.07332   0.05582  0.005228         0
   234/399     8.25G   0.03978   0.01321         0   0.05299         3       768    0.4481   0.08004    0.2064   0.07343   0.05716  0.005305         0
   235/399     8.25G   0.03271   0.01369         0    0.0464         4       768    0.3681   0.09677    0.1627    0.0565   0.05584  0.005189         0
   236/399     8.25G   0.03229   0.01517         0   0.04746         5       768    0.3149   0.06452    0.0868   0.03433   0.05508  0.004994         0
   237/399     8.25G   0.03267    0.0161         0   0.04877         4       768    0.3252   0.06452   0.09162   0.03444   0.05674  0.005134         0
   238/399     8.25G    0.0375   0.01297         0   0.05047         4       768     0.497    0.1935    0.2007   0.07734   0.05435  0.005327         0
   239/399     8.25G   0.03885    0.0144         0   0.05326         5       768    0.7253    0.1935    0.2514   0.09833   0.05587  0.005229         0
   240/399     8.25G   0.02898   0.01321         0   0.04219         5       768     0.477   0.09677    0.1521   0.07213   0.05313  0.005099         0
   241/399     8.25G   0.03508   0.01381         0   0.04889         4       768    0.6204   0.09677     0.129   0.05701   0.05405  0.005206         0
   242/399     8.25G   0.03001    0.0159         0   0.04591         6       768    0.3014   0.09677    0.1692   0.06295   0.05192  0.005348         0
   243/399     8.25G   0.02956   0.01465         0    0.0442         5       768    0.3792    0.1935    0.2709   0.08126   0.05388  0.005735         0
   244/399     8.25G   0.03265   0.01407         0   0.04672         5       768    0.4786    0.1613    0.1711   0.05547   0.05308  0.005502         0
   245/399     8.25G   0.02792   0.01501         0   0.04293         6       768    0.4193    0.1613    0.1618   0.05908   0.05316  0.005581         0
   246/399     8.25G   0.04396   0.01663         0   0.06059         6       768    0.4474    0.1613    0.1542   0.05105    0.0529  0.005692         0
   247/399     8.25G   0.02899   0.01176         0   0.04075         2       768    0.6198    0.1581    0.2487   0.06846      0.05  0.005761         0
   248/399     8.25G   0.03388   0.01372         0    0.0476         3       768    0.5193     0.129    0.2089   0.06937   0.04967  0.005596         0
   249/399     8.25G   0.03179    0.0143         0    0.0461         5       768    0.5214   0.09677    0.1489   0.03535   0.05287  0.005384         0
   250/399     8.25G   0.03444   0.01572         0   0.05015         6       768    0.5859    0.1378    0.1882   0.05904    0.0524  0.005258         0
   251/399     8.25G   0.03137    0.0145         0   0.04586         3       768    0.5882     0.129    0.2227   0.08955   0.05114  0.005497         0
   252/399     8.25G    0.0316   0.01352         0   0.04512         5       768    0.4827    0.1935    0.2906    0.1068   0.05497  0.005918         0
   253/399     8.25G   0.03416   0.01382         0   0.04798         5       768    0.5354    0.2258    0.2978    0.1022   0.05589  0.006078         0
   254/399     8.25G   0.03199   0.01329         0   0.04528         5       768    0.3986    0.1613    0.2481    0.0919   0.05371  0.005624         0
   255/399     8.25G   0.03274   0.01354         0   0.04629         5       768    0.5175    0.1392    0.2182    0.0868   0.05518  0.005418         0
   256/399     8.25G   0.02318   0.01233         0   0.03551         2       768    0.6378    0.1613    0.2209   0.09228   0.05353  0.005312         0
   257/399     8.25G   0.03938   0.01575         0   0.05513         6       768    0.5882     0.129    0.2304    0.1025    0.0525  0.005342         0
   258/399     8.25G   0.02809   0.01357         0   0.04166         5       768     0.397    0.1913    0.2202   0.09529   0.05298  0.005505         0
   259/399     8.25G   0.03148   0.01306         0   0.04454         6       768    0.6731    0.1998    0.2461    0.1114   0.05282  0.005248         0
   260/399     8.25G   0.03447   0.01261         0   0.04707         1       768    0.5201    0.1935    0.2252    0.1058   0.05305  0.005225         0
   261/399     8.25G   0.02972   0.01222         0   0.04194         2       768     0.429    0.1613    0.2119   0.09457   0.05316  0.005258         0
   262/399     8.25G   0.03493    0.0167         0   0.05163         8       768    0.4263    0.1935    0.2017   0.09658   0.05532  0.005443         0
   263/399     8.25G    0.0342   0.01409         0   0.04829         6       768    0.5769    0.1613    0.2318      0.11   0.05841  0.005524         0
   264/399     8.25G   0.02864   0.01388         0   0.04252         4       768    0.5378    0.2258    0.2613    0.1207   0.05531  0.005699         0
   265/399     8.25G   0.03389   0.01284         0   0.04673         2       768    0.2696     0.129    0.1308   0.05342   0.05492  0.005786         0
   266/399     8.25G   0.03193   0.01263         0   0.04456         5       768    0.2569     0.129    0.1221    0.0435   0.05647  0.005944         0
   267/399     8.25G   0.02858   0.01412         0   0.04269         4       768     0.306    0.1613    0.1693   0.06379   0.05658  0.005678         0
   268/399     8.25G    0.0283   0.01287         0   0.04117         2       768    0.3904    0.1655    0.1892   0.08191   0.05474  0.005695         0
   269/399     8.25G   0.03454   0.01447         0   0.04901         5       768    0.7807     0.129    0.2661    0.0957   0.05843  0.005394         0
   270/399     8.25G   0.02866   0.01142         0   0.04007         1       768    0.4755     0.129    0.2118   0.08751   0.05617   0.00538         0
   271/399     8.25G   0.03035   0.01303         0   0.04338         3       768    0.4114    0.1935    0.1739    0.0519   0.05662    0.0054         0
   272/399     8.25G   0.02388    0.0129         0   0.03678         2       768    0.3194    0.1613    0.1644   0.05099   0.05521    0.0055         0
   273/399     8.25G   0.03669   0.01211         0    0.0488         1       768    0.3331    0.1933    0.1599   0.06125   0.05363  0.005697         0
   274/399     8.25G    0.0304    0.0112         0   0.04161         3       768    0.4516    0.1332    0.2457   0.07233   0.05828  0.005646         0
   275/399     8.25G   0.03264   0.01489         0   0.04753         5       768    0.3351    0.2117    0.2271   0.09348   0.05506   0.00611         0
   276/399     8.25G   0.03292   0.01346         0   0.04638         2       768    0.3071    0.1613    0.2119   0.06521   0.05425  0.005502         0
   277/399     8.25G    0.0361   0.01249         0   0.04859         3       768    0.4357     0.129    0.1645   0.04902   0.05584  0.005677         0
   278/399     8.25G   0.02603   0.01274         0   0.03877         3       768    0.3453     0.129     0.156    0.0567   0.05434  0.005571         0
   279/399     8.25G   0.04241   0.01634         0   0.05875         7       768    0.2963    0.1935     0.179    0.0726   0.05335  0.005671         0
   280/399     8.25G   0.02948   0.01327         0   0.04275         5       768    0.2682    0.1613    0.1689   0.07538   0.05335  0.005443         0
   281/399     8.25G   0.02759   0.01434         0   0.04193         6       768      0.31     0.129    0.1541   0.05054     0.055  0.005554         0
   282/399     8.25G   0.02935   0.01229         0   0.04163         2       768    0.1956     0.129    0.1608   0.07313   0.05499  0.005676         0
   283/399     8.25G   0.03505   0.01299         0   0.04803         4       768    0.3195    0.2258    0.2833    0.1193   0.05553  0.006177         0
   284/399     8.25G   0.03192   0.01227         0   0.04419         2       768    0.4705    0.1935    0.2405     0.104   0.05875  0.006563         0
   285/399     8.25G   0.03146   0.01263         0    0.0441         4       768    0.3485    0.2581    0.2973    0.1061   0.05384  0.006174         0
   286/399     8.25G   0.03437   0.01401         0   0.04838         4       768    0.3002    0.1935    0.1789   0.06679   0.05315  0.005924         0
   287/399     8.25G    0.0425   0.01412         0   0.05662         5       768    0.3038    0.1935    0.1885   0.07189    0.0538  0.005992         0
   288/399     8.25G   0.03541    0.0123         0   0.04771         4       768    0.3724    0.2581    0.2462   0.07805   0.05348  0.006067         0
   289/399     8.25G   0.03005   0.01372         0   0.04377         4       768    0.3463    0.2258    0.1882    0.0625   0.05446  0.005673         0
   290/399     8.25G   0.02645   0.01324         0    0.0397         4       768    0.2254    0.1613    0.1604   0.06513   0.05539  0.005599         0
   291/399     8.25G   0.03369   0.01294         0   0.04664         2       768    0.2519    0.1613    0.1639   0.05581   0.05567  0.005547         0
   292/399     8.25G   0.03044   0.01395         0   0.04439         4       768    0.2617    0.1935    0.1801   0.05946   0.05186  0.005693         0
   293/399     8.25G   0.03733   0.01252         0   0.04985         3       768    0.3164    0.1935      0.25   0.09191   0.05561  0.005628         0
   294/399     8.25G   0.02872   0.01133         0   0.04004         2       768    0.4161    0.1935     0.252    0.1007   0.05631  0.005352         0
   295/399     8.25G   0.04187   0.01307         0   0.05494         4       768    0.4373    0.1613    0.2209   0.08124   0.05408  0.005219         0
   296/399     8.25G   0.02889   0.01238         0   0.04126         2       768    0.5137     0.137    0.2026   0.07047   0.05313   0.00509         0
   297/399     8.25G   0.03896   0.01228         0   0.05123         3       768    0.4574    0.1365    0.1898   0.06644   0.05306  0.005098         0
   298/399     8.25G   0.03985   0.01419         0   0.05404         8       768    0.4072     0.129    0.1827   0.07699   0.05305  0.005105         0
   299/399     8.25G   0.02826   0.01239         0   0.04065         3       768    0.4522     0.129    0.2004   0.07919   0.05331  0.005175         0
   300/399     8.25G   0.03567   0.01304         0   0.04871         3       768    0.3906    0.1613    0.1886   0.08276   0.05501  0.005387         0
   301/399     8.25G   0.03236   0.01357         0   0.04593         7       768     0.299    0.1613     0.209    0.0883   0.05382  0.005505         0
   302/399     8.25G   0.04267   0.01422         0   0.05689         6       768    0.2915    0.1613    0.2197   0.08669   0.05407  0.005548         0
   303/399     8.25G   0.02525   0.01158         0   0.03684         2       768    0.3252    0.1714    0.2226   0.08645   0.05378  0.005418         0
   304/399     8.25G   0.03664   0.01213         0   0.04877         3       768    0.4526    0.1935     0.243   0.08519    0.0536  0.005391         0
   305/399     8.25G   0.02673   0.01196         0    0.0387         4       768    0.3797    0.1935    0.2233   0.07414   0.05416  0.005575         0
   306/399     8.25G   0.02834   0.01144         0   0.03978         1       768    0.4322    0.2212    0.1896   0.06103    0.0546  0.005622         0
   307/399     8.25G   0.03106   0.01138         0   0.04244         3       768    0.4372    0.1935    0.1728   0.06033   0.05625  0.005457         0
   308/399     8.25G    0.0278   0.01451         0   0.04231         6       768    0.3556    0.1935    0.1664   0.06581    0.0564  0.005715         0
   309/399     8.25G   0.02908   0.01215         0   0.04123         3       768    0.2761    0.2581    0.2008   0.05839   0.05582   0.00636         0
   310/399     8.25G   0.02734   0.01438         0   0.04171         7       768    0.2616    0.2581    0.1619   0.05121    0.0564  0.006207         0
   311/399     8.25G   0.03414   0.01291         0   0.04706         4       768    0.2346    0.3226    0.1772   0.05782   0.05464  0.006779         0
   312/399     8.25G   0.02896   0.01459         0   0.04355         8       768    0.2867    0.4194    0.2856   0.07954   0.05351  0.007147         0
   313/399     8.25G   0.02806   0.01312         0   0.04117         5       768    0.2864    0.3548    0.2588   0.08134   0.05505  0.006663         0
   314/399     8.25G   0.02877   0.01321         0   0.04198         4       768    0.2511    0.2706    0.2013   0.06214   0.05444  0.006339         0
   315/399     8.25G   0.03858    0.0122         0   0.05078         1       768    0.2996    0.1613    0.1589   0.06748   0.05342  0.005968         0
   316/399     8.25G   0.03605   0.01391         0   0.04996         6       768    0.2731    0.1613    0.1396   0.05652   0.05355  0.006029         0
   317/399     8.25G   0.02929   0.01242         0   0.04171         4       768    0.2863    0.2202    0.1569   0.06047   0.05379   0.00602         0
   318/399     8.25G   0.03131    0.0152         0   0.04651         7       768     0.315    0.1935    0.1679   0.06417   0.05403  0.005959         0
   319/399     8.25G   0.02397   0.01311         0   0.03708         6       768    0.3869    0.1935    0.1915   0.07597   0.05405  0.005917         0
   320/399     8.25G   0.03601   0.01105         0   0.04706         2       768    0.4407    0.2258    0.1955   0.07044   0.05367  0.005963         0
   321/399     8.25G   0.03185   0.01322         0   0.04507         4       768    0.3396    0.2258    0.2151   0.06874   0.05386  0.006123         0
   322/399     8.25G   0.02835   0.01346         0   0.04181         4       768    0.3313    0.2258    0.2284   0.06931   0.05333  0.006317         0
   323/399     8.25G   0.02399   0.01155         0   0.03554         3       768    0.3517    0.2258    0.2151   0.06851   0.05158  0.006348         0
   324/399     8.25G   0.02842   0.01184         0   0.04026         5       768    0.4173    0.2258    0.2141   0.07656   0.05221  0.006129         0
   325/399     8.25G   0.03089   0.01231         0    0.0432         5       768    0.3477    0.2258    0.2536   0.09375   0.05188  0.006183         0
   326/399     8.25G   0.03077   0.01202         0   0.04279         3       768    0.3327    0.2581    0.2224   0.06283    0.0516  0.006283         0
   327/399     8.25G    0.0237   0.01214         0   0.03584         4       768    0.2998    0.2258    0.2225   0.07618   0.05243  0.006281         0
   328/399     8.25G   0.03734   0.01294         0   0.05028         4       768    0.4076    0.2258    0.2212   0.08517   0.05101  0.005884         0
   329/399     8.25G   0.02942   0.01207         0   0.04149         4       768     0.473    0.1613    0.2321   0.07912   0.05201  0.005486         0
   330/399     8.25G   0.02392   0.01154         0   0.03546         2       768    0.4251     0.191     0.228    0.0779   0.05186  0.005572         0
   331/399     8.25G   0.03249   0.01396         0   0.04645         5       768    0.4053    0.2258    0.2115   0.07813   0.05164  0.006023         0
   332/399     8.25G   0.03284    0.0139         0   0.04675         5       768    0.3497    0.2086    0.1768   0.05743   0.05194  0.006185         0
   333/399     8.25G   0.03124   0.01224         0   0.04348         4       768    0.4127    0.1935    0.1923   0.06148   0.05233  0.005931         0
   334/399     8.25G   0.02865   0.01111         0   0.03977         2       768    0.4989    0.1606    0.1945   0.06301    0.0528  0.005803         0
   335/399     8.25G   0.02723   0.01175         0   0.03898         4       768    0.4528    0.1935    0.1751   0.05843   0.05225  0.005956         0
   336/399     8.25G    0.0293   0.01489         0   0.04419         8       768    0.3872    0.2258      0.21   0.06397   0.05288  0.006068         0
   337/399     8.25G   0.02496    0.0128         0   0.03777         4       768    0.4288    0.2581    0.2721    0.0974   0.05392  0.006238         0
   338/399     8.25G    0.0276    0.0135         0    0.0411         5       768    0.4133    0.3226    0.2486   0.08152    0.0532   0.00633         0
   339/399     8.25G   0.02548   0.01204         0   0.03752         3       768    0.3911    0.2258    0.2122   0.06608   0.05232  0.006212         0
   340/399     8.25G   0.03188   0.01398         0   0.04586         4       768    0.3635    0.2258    0.2147   0.06151   0.05234  0.006153         0
   341/399     8.25G   0.03405   0.01267         0   0.04672         5       768    0.4309    0.3226    0.2321   0.06596   0.05186  0.006135         0
   342/399     8.25G    0.0271   0.01364         0   0.04074         8       768    0.3797    0.3226    0.2179   0.06568    0.0522  0.006346         0
   343/399     8.25G   0.02601   0.01224         0   0.03825         4       768    0.3226    0.2903    0.2195   0.05939   0.05264  0.006503         0
   344/399     8.25G   0.02313   0.01105         0   0.03418         3       768    0.2568    0.2789    0.2511   0.07132   0.05366  0.006572         0
   345/399     8.25G   0.03451   0.01223         0   0.04675         6       768    0.2971    0.2903    0.2066   0.06987   0.05279  0.006397         0
   346/399     8.25G   0.03163   0.01198         0   0.04361         3       768    0.2771    0.2597    0.2462   0.06623   0.05241   0.00623         0
   347/399     8.25G   0.02144   0.01037         0   0.03181         2       768    0.2846    0.2258    0.2116    0.0576    0.0524  0.006211         0
   348/399     8.25G   0.02834   0.01276         0   0.04109         7       768    0.2914    0.1992    0.1885   0.05588   0.05247  0.006127         0
   349/399     8.25G   0.03019   0.01347         0   0.04366         6       768    0.3279    0.1935    0.2037   0.06049   0.05204  0.006023         0
   350/399     8.25G   0.02653   0.01218         0   0.03872         2       768    0.3781    0.2258    0.2264   0.07843   0.05363  0.005859         0
   351/399     8.25G   0.03037    0.0132         0   0.04357         5       768     0.488    0.2464    0.2225   0.06897   0.05167  0.005802         0
   352/399     8.25G   0.02591   0.01153         0   0.03744         4       768    0.4386     0.202    0.2411   0.06637   0.05197   0.00576         0
   353/399     8.25G   0.02783   0.01152         0   0.03935         4       768    0.4191    0.2581    0.2228   0.07203   0.05437   0.00589         0
   354/399     8.25G    0.0215   0.01179         0    0.0333         3       768    0.3983    0.2581    0.2469   0.08417   0.05589  0.005994         0
   355/399     8.25G   0.02618   0.01361         0   0.03978         6       768    0.3457    0.2258     0.204   0.06599   0.05239   0.00613         0
   356/399     8.25G   0.02353    0.0116         0   0.03513         3       768    0.3322    0.1935     0.172   0.05747   0.05294  0.006379         0
   357/399     8.25G   0.02516   0.01216         0   0.03733         5       768    0.2979    0.1935    0.1708   0.06158   0.05291  0.006385         0
   358/399     8.25G   0.02652   0.01356         0   0.04008         6       768    0.2619    0.1613    0.1633   0.05888   0.05387  0.006091         0
   359/399     8.25G   0.02161    0.0122         0   0.03381         3       768    0.2878    0.1935    0.1766    0.0592   0.05382  0.006175         0
   360/399     8.25G   0.02214   0.01093         0   0.03307         1       768    0.3536    0.2581    0.2196   0.07165   0.05427  0.006088         0
   361/399     8.25G   0.02555    0.0107         0   0.03625         2       768    0.4078    0.3226    0.2582   0.07862   0.05392  0.006133         0
   362/399     8.25G   0.02355  0.009669         0   0.03322         2       768    0.2997    0.2581    0.2099   0.05471   0.05327  0.006221         0
   363/399     8.25G   0.02615   0.01179         0   0.03793         4       768    0.2616    0.2174    0.1893   0.05756   0.05372   0.00633         0
   364/399     8.25G   0.02245   0.01072         0   0.03317         2       768    0.3439    0.3226     0.264   0.08423   0.05467  0.006333         0
   365/399     8.25G   0.03256   0.01342         0   0.04597         5       768    0.2941    0.2903    0.2147   0.08258   0.05445  0.006321         0
   366/399     8.25G   0.03114   0.01175         0   0.04289         4       768    0.3079    0.2581    0.2015   0.06302    0.0529  0.006371         0
   367/399     8.25G   0.02468   0.01174         0   0.03643         4       768    0.2712    0.2258    0.1987   0.06011   0.05186   0.00651         0
   368/399     8.25G   0.03868   0.01022         0   0.04891         2       768    0.2415    0.1935    0.2049   0.06671   0.05172  0.006631         0
   369/399     8.25G    0.0298   0.01061         0    0.0404         3       768    0.2164    0.1613    0.1835   0.05205   0.05235  0.006451         0
   370/399     8.25G   0.02751   0.01008         0    0.0376         1       768    0.2247    0.1613    0.1754   0.05523   0.05251  0.006429         0
   371/399     8.25G   0.02957   0.01252         0   0.04208         6       768    0.2593    0.1613    0.1527   0.05522   0.05155  0.006585         0
   372/399     8.25G   0.02355   0.01295         0   0.03651         4       768    0.2643    0.1613     0.175    0.0597   0.05311  0.006435         0
   373/399     8.25G   0.02559   0.01297         0   0.03856         7       768    0.2912    0.1935    0.2004   0.07457   0.05454   0.00619         0
   374/399     8.25G   0.02427   0.01167         0   0.03594         5       768    0.3333    0.1935     0.194   0.06581   0.05378  0.006211         0
   375/399     8.25G   0.03751   0.01256         0   0.05007         6       768    0.3459    0.1935    0.1753   0.06411   0.05304  0.006258         0
   376/399     8.25G   0.02881   0.01083         0   0.03964         3       768    0.4061    0.1326    0.1714   0.06918   0.05562  0.005853         0
   377/399     8.25G   0.02718   0.01149         0   0.03867         5       768    0.3629     0.129    0.1579   0.07234   0.05556  0.005776         0
   378/399     8.25G   0.03195   0.01343         0   0.04538         8       768    0.3886    0.2055    0.1756   0.06018   0.05367  0.006073         0
   379/399     8.25G   0.03393   0.01287         0   0.04679         4       768    0.4236    0.2903    0.2142   0.07792   0.05573  0.006097         0
   380/399     8.25G   0.02996   0.01153         0   0.04149         3       768    0.3001    0.2581    0.2386   0.09147    0.0557  0.006445         0
   381/399     8.25G   0.02528   0.01129         0   0.03657         3       768    0.3834    0.2903    0.2004   0.06904   0.05434  0.006382         0
   382/399     8.25G   0.03453   0.01208         0   0.04661         5       768    0.3366    0.2581    0.1851   0.06008   0.05332  0.006392         0
   383/399     8.25G   0.02789   0.01033         0   0.03822         3       768    0.3377    0.2903    0.2091   0.06815   0.05449  0.006491         0
   384/399     8.25G   0.02124   0.01261         0   0.03385         6       768    0.2481    0.2581    0.2308   0.07564   0.05565  0.006484         0
   385/399     8.25G   0.02587  0.009951         0   0.03582         2       768    0.2678    0.2581    0.2386   0.07794   0.05616  0.006396         0
   386/399     8.25G   0.02996   0.01232         0   0.04228         6       768    0.2567    0.1935    0.1876   0.06391    0.0539  0.006134         0
   387/399     8.25G   0.02256   0.01125         0   0.03381         4       768    0.2857     0.181    0.1943   0.05845   0.05385  0.006142         0
   388/399     8.25G   0.02988    0.0105         0   0.04037         3       768    0.3059    0.1935    0.1739   0.05415   0.05352  0.006179         0
   389/399     8.25G   0.03492    0.0114         0   0.04632         4       768    0.4201    0.2258     0.236   0.07416   0.05673  0.005956         0
   390/399     8.25G   0.02657   0.01154         0   0.03811         7       768    0.4669    0.2261     0.249   0.07493    0.0574  0.005956         0
   391/399     8.25G   0.03066   0.01235         0   0.04301         5       768    0.5093    0.2683    0.2582   0.07912   0.05713  0.005999         0
   392/399     8.25G   0.02563   0.01026         0   0.03589         4       768    0.5526     0.319    0.2713   0.09021   0.05703  0.006109         0
   393/399     8.25G   0.02303   0.01123         0   0.03426         4       768     0.433    0.2958    0.2505   0.07892   0.05612  0.006271         0
   394/399     8.25G   0.02704  0.009909         0   0.03695         2       768    0.4639    0.3226    0.2705   0.08831   0.05761  0.006117         0
   395/399     8.25G   0.02827   0.01166         0   0.03993         5       768    0.5057    0.3226    0.3178    0.1093   0.05957  0.005985         0
   396/399     8.25G   0.02365    0.0126         0   0.03624         4       768    0.5288    0.3226    0.2996    0.1015   0.05884  0.005949         0
   397/399     8.25G   0.02177   0.01094         0   0.03271         4       768    0.4755    0.3226    0.2503   0.07892   0.05673  0.006128         0
   398/399     8.25G   0.02488    0.0111         0   0.03598         3       768    0.3514    0.1935    0.1626     0.057   0.05482  0.006264         0
   399/399     8.25G   0.01684   0.01194         0   0.02878         3       768    0.4117    0.2257    0.1685   0.05404   0.05463  0.006226         0
